timestamp x y z qx qy qz qw id
1679926903.285150 -0.944663 0.752683 -5.145347 -0.012029 -0.010855 -0.861482 0.507529 1
1679926905.286296 -0.944679 0.752619 -5.145051 -0.012027 -0.010798 -0.861486 0.507525 2
1679926905.985700 -0.944664 0.752568 -5.144920 -0.012071 -0.010785 -0.861475 0.507542 3
1679926906.685144 -0.944619 0.752538 -5.144862 -0.012068 -0.010762 -0.861477 0.507540 4
1679926907.985652 -0.944600 0.752431 -5.144678 -0.012041 -0.010758 -0.861497 0.507506 5
1679926909.086102 -0.944555 0.752325 -5.144477 -0.012102 -0.010801 -0.861475 0.507541 6
1679926910.186044 -0.944524 0.752287 -5.144323 -0.012085 -0.010788 -0.861488 0.507519 7
1679926911.185403 -0.944507 0.752237 -5.144166 -0.012085 -0.010820 -0.861482 0.507530 8
1679926912.285552 -0.944453 0.752222 -5.143963 -0.012109 -0.010799 -0.861482 0.507528 9
1679926913.586099 -0.944360 0.752143 -5.143768 -0.012121 -0.010761 -0.861471 0.507548 10
1679926914.386402 -0.944281 0.752044 -5.143621 -0.012127 -0.010748 -0.861465 0.507559 11
1679926915.286215 -0.944186 0.751995 -5.143440 -0.012119 -0.010718 -0.861471 0.507548 12
1679926916.086374 -0.944140 0.751936 -5.143330 -0.012097 -0.010715 -0.861467 0.507556 13
1679926916.986150 -0.944058 0.751911 -5.143177 -0.012074 -0.010748 -0.861472 0.507548 14
1679926918.586683 -0.975021 0.757214 -4.723217 0.003764 -0.009163 -0.864087 0.503244 15
1679926918.586683 -0.975021 0.757214 -4.723217 0.003764 -0.009163 -0.864087 0.503244 16
1679926919.483892 -1.373217 0.705600 -4.735021 -0.001679 -0.001376 -0.856024 0.516931 17
1679926920.885216 -1.513840 0.674533 -4.732395 0.000133 0.001255 -0.848532 0.529143 18
1679926921.685560 -1.518304 0.662050 -4.730852 0.000046 0.003363 -0.848657 0.528933 19
1679926922.687483 -1.661289 0.180532 -4.732131 -0.010969 0.013731 0.883537 -0.468031 20
1679926924.084929 -2.271728 -0.579750 -4.740284 0.006814 -0.019276 0.905254 -0.424379 21
1679926924.788368 -2.458560 -1.006912 -4.746240 0.000011 0.007237 -0.807406 0.589951 22
1679926925.684109 -2.514672 -1.142656 -4.757048 0.001448 0.001928 -0.857389 0.514664 23
1679926926.586625 -2.517581 -1.151558 -4.758894 0.000948 0.000680 -0.858538 0.512749 24
1679926927.686753 -2.541173 -1.190944 -4.758821 0.003980 -0.007022 -0.860642 0.509146 25
1679926928.885174 -2.987119 -1.771249 -4.761606 -0.000658 -0.004205 0.924307 -0.381627 26
1679926930.086245 -3.406872 -2.441491 -4.770188 -0.002818 0.008555 -0.858470 0.512785 27
1679926931.388120 -3.534458 -2.873326 -4.782716 0.002004 0.005775 -0.837888 0.545809 28
1679926932.586557 -3.470569 -2.921642 -4.788019 -0.000800 -0.000305 -0.858797 0.512316 29
1679926934.593040 -3.647033 -3.362476 -4.781774 -0.003942 0.004973 0.871386 -0.490557 30
1679926935.491529 -4.169122 -4.025361 -4.836350 -0.026020 -0.018480 0.922317 -0.385114 31
1679926936.695188 -4.464949 -4.702739 -4.902747 0.031940 0.024892 -0.840603 0.540136 32
1679926937.291092 -4.454672 -4.737042 -4.911653 0.030832 0.023262 -0.858052 0.512108 33
1679926938.692512 -4.437043 -4.750458 -4.917605 0.032301 0.019702 -0.858192 0.511932 34
1679926939.892231 -4.781998 -5.175331 -4.962403 0.025331 0.030138 -0.826829 0.561074 35
1679926940.493445 -5.027767 -5.666460 -5.004478 0.033007 0.019776 -0.822264 0.567803 36
1679926941.991748 -5.445638 -6.529442 -5.090547 0.028796 0.027167 -0.859714 0.509239 37
1679926943.093313 -5.418341 -6.553554 -5.096144 0.032245 0.020408 -0.858402 0.511555 38
1679926943.991870 -5.456707 -6.653463 -5.104006 0.028181 0.024250 -0.849855 0.525703 39
1679926944.892939 -5.815205 -7.351497 -5.170970 -0.038434 -0.007008 0.887451 -0.459244 40
1679926945.792642 -6.412917 -7.944424 -5.222837 -0.013208 0.011610 0.953694 -0.300264 41
1679926946.392462 -6.648119 -8.102895 -5.233246 -0.007356 -0.004826 0.951107 -0.308737 42
1679926947.292335 -6.712497 -8.149997 -5.239585 -0.001840 0.000425 0.953223 -0.302263 43
1679926949.192737 -7.078646 -8.347596 -5.240689 -0.000628 0.001378 0.955380 -0.295374 44
1679926950.392415 -8.034121 -8.996012 -5.251546 -0.000660 -0.000356 0.956145 -0.292892 45
1679926950.892810 -8.401157 -9.235574 -5.265042 -0.003069 -0.003168 0.952462 -0.304626 46
1679926952.092580 -8.489485 -9.312732 -5.274909 -0.001996 -0.002549 0.953036 -0.302841 47
1679926953.393177 -8.592090 -9.389890 -5.280851 -0.001195 0.001333 0.953581 -0.301132 48
1679926954.092505 -9.122936 -9.731769 -5.276626 -0.001213 -0.000072 0.952966 -0.303076 49
1679926954.692366 -9.621010 -10.077355 -5.288836 -0.000765 0.000852 0.953805 -0.300424 50
1679926955.593486 -10.127842 -10.441630 -5.289328 -0.004436 0.000264 0.947421 -0.319959 51
1679926957.892051 -10.214765 -10.586772 -5.305736 0.008288 -0.015508 0.927079 -0.374454 52
1679926958.594241 -10.552284 -11.078726 -5.306103 -0.001486 -0.005534 0.894382 -0.447267 53
1679926959.892116 -11.236635 -12.022191 -5.324836 0.002846 -0.008840 0.872206 -0.489050 54
1679926960.693843 -11.317723 -12.177918 -5.336921 -0.001807 -0.001272 0.867745 -0.497004 55
1679926961.693060 -11.325284 -12.195440 -5.339437 -0.001667 -0.002004 0.867730 -0.497030 56
1679926962.193381 -11.342491 -12.227737 -5.340708 -0.001264 -0.004597 0.867316 -0.497735 57
1679926963.192744 -11.726051 -12.900241 -5.344561 0.002350 0.000516 -0.862069 0.506786 58
1679926963.893491 -12.076269 -13.483958 -5.353046 -0.003720 0.000533 0.866529 -0.499113 59
1679926964.393832 -12.255471 -13.764743 -5.359296 -0.000788 -0.002201 0.868552 -0.495593 60
1679926965.693092 -12.312099 -13.928077 -5.371846 -0.001086 -0.001553 0.868391 -0.495877 61
1679926966.793322 -12.316051 -13.933279 -5.373101 -0.000704 -0.001370 0.867814 -0.496886 62
1679926967.493993 -12.347295 -13.989515 -5.374670 -0.000551 -0.003753 0.866028 -0.499981 63
1679926968.892851 -12.977697 -15.058005 -5.388999 -0.000993 -0.001870 0.868258 -0.496108 64
1679926969.993094 -13.323662 -15.621783 -5.397162 0.000099 -0.004124 0.868611 -0.495477 65
1679926971.093275 -13.342905 -15.688116 -5.405900 0.000447 -0.002610 0.868533 -0.495624 66
1679926971.794032 -13.342155 -15.689796 -5.406669 -0.000397 -0.001166 0.868073 -0.496435 67
1679926973.394534 -13.782171 -16.586906 -5.425632 -0.001082 0.006957 -0.821660 0.569935 68
1679926975.293744 -14.383417 -17.440577 -5.435739 0.001996 -0.006467 0.869657 -0.493609 69
1679926976.493506 -14.388478 -17.463110 -5.437847 -0.000512 -0.002185 0.868856 -0.495059 70
1679926977.993136 -14.688563 -18.027840 -5.438049 0.002263 -0.008146 0.898525 -0.438840 71
1679926978.794724 -15.089526 -18.665485 -5.446117 -0.001037 -0.001314 0.885715 -0.464226 72
1679926979.894918 -15.444745 -19.149513 -5.460490 0.000856 -0.001335 0.868964 -0.494872 73
1679926980.594324 -15.423022 -19.175110 -5.466736 0.002495 -0.000794 0.869663 -0.493639 74
1679926981.494113 -15.415330 -19.178921 -5.468160 0.000893 0.001588 0.874647 -0.484758 75
1679926982.993741 -15.962743 -20.018370 -5.475585 -0.000504 -0.002722 0.868922 -0.494942 76
1679926983.994329 -16.410522 -20.791637 -5.485066 -0.002374 -0.001443 0.869018 -0.494773 77
1679926984.594190 -16.498293 -20.924332 -5.488081 -0.001191 -0.001588 0.869317 -0.494251 78
1679926985.994351 -16.468592 -20.938419 -5.498732 0.001115 -0.000789 0.869503 -0.493926 79
1679926986.594223 -16.503214 -20.996304 -5.498488 0.000404 0.000693 0.869351 -0.494194 80
1679926987.893433 -17.121666 -21.949564 -5.508345 -0.001240 -0.001680 0.869237 -0.494391 81
1679926988.594087 -17.406084 -22.475353 -5.514370 -0.000939 -0.002893 0.869475 -0.493968 82
1679926989.293523 -17.523756 -22.652744 -5.523494 -0.002828 0.000013 0.868746 -0.495249 83
1679926989.894672 -17.524517 -22.683771 -5.531003 0.001235 -0.005108 0.869034 -0.494725 84
1679926990.594053 -17.519808 -22.692026 -5.532879 -0.000505 -0.001955 0.868854 -0.495064 85
1679926991.193879 -17.536093 -22.735350 -5.533589 0.000463 -0.002931 0.867762 -0.496971 86
1679926992.494567 -17.886101 -23.440239 -5.533535 -0.008859 0.015101 0.913454 -0.406566 87
1679926993.192542 -18.236687 -23.800467 -5.541198 -0.005420 0.008833 0.963064 -0.269074 88
1679926993.891924 -18.572329 -24.142628 -5.551434 0.001239 -0.020772 0.955398 -0.294588 89
1679926994.501825 -18.627165 -24.302296 -5.553628 -0.002090 -0.001691 0.871660 -0.490104 90
1679926995.199852 -18.635395 -24.348183 -5.561388 0.002090 -0.000381 0.886851 -0.462051 91
1679926996.600031 -18.635857 -24.376675 -5.563821 0.001080 -0.000868 0.890855 -0.454285 92
1679926997.299372 -18.739645 -24.474283 -5.568917 0.003684 -0.002725 0.893017 -0.449999 93
1679926998.001461 -19.136160 -24.901142 -5.561809 -0.004152 0.007494 0.884039 -0.467335 94
1679926998.698155 -19.541853 -25.445381 -5.573076 -0.010242 0.019792 -0.856203 0.516158 95
1679926999.401503 -19.739765 -25.943935 -5.579728 0.010069 -0.002687 -0.837200 0.546797 96
1679927000.098233 -19.767357 -26.018738 -5.592526 0.001820 -0.006865 0.872333 -0.488860 97
1679927001.499664 -19.752937 -26.038784 -5.596497 -0.001777 -0.001193 0.877540 -0.479499 98
1679927002.200401 -19.768553 -26.071747 -5.596332 0.002577 -0.006594 0.874794 -0.484444 99
1679927003.499688 -20.274096 -27.007641 -5.602348 0.002504 0.003220 -0.857530 0.514418 100
1679927004.200426 -20.655403 -27.534819 -5.627248 0.020650 0.014852 -0.841621 0.539470 101
1679927005.599104 -20.843430 -27.835526 -5.666485 -0.038222 -0.019707 0.872237 -0.487189 102
1679927006.299828 -20.853121 -27.847857 -5.667620 -0.039184 -0.019665 0.872941 -0.485852 103
1679927006.999235 -20.854765 -27.847658 -5.668758 -0.039664 -0.020696 0.874867 -0.482293 104
1679927007.600403 -20.884981 -27.923504 -5.678620 -0.038370 -0.015855 0.886926 -0.460043 105
1679927008.298476 -21.096197 -28.343624 -5.710775 -0.034866 -0.021047 0.894471 -0.445268 106
1679927008.899673 -21.385687 -28.802992 -5.762967 -0.032542 -0.026252 0.895130 -0.443840 107
1679927009.699952 -21.785980 -29.350315 -5.820331 -0.034269 -0.023815 0.880576 -0.472064 108
1679927010.400617 -21.920822 -29.532068 -5.842804 -0.033610 -0.019006 0.876228 -0.480348 109
1679927011.099959 -21.912842 -29.544188 -5.849372 -0.030785 -0.018998 0.876266 -0.480468 110
1679927011.799378 -21.907999 -29.546577 -5.851058 -0.031645 -0.017440 0.876298 -0.480413 111
1679927012.400537 -21.908152 -29.548843 -5.851450 -0.032248 -0.017946 0.876003 -0.480892 112
1679927013.200855 -22.037260 -29.917139 -5.875507 0.029769 0.020866 -0.855222 0.516985 113
1679927013.900172 -22.344292 -30.513672 -5.935239 0.035533 0.019049 -0.860037 0.508636 114
1679927014.599643 -22.701500 -31.004013 -5.991606 0.041442 0.017125 -0.863764 0.501898 115
1679927015.300357 -22.900126 -31.240692 -6.023834 -0.037356 -0.022013 0.874519 -0.483050 116
1679927015.999661 -22.931843 -31.293726 -6.030271 -0.034969 -0.021927 0.874489 -0.483286 117
1679927016.700369 -22.936468 -31.300568 -6.031622 -0.035060 -0.021133 0.874288 -0.483679 118
1679927017.399769 -22.950453 -31.326687 -6.033041 -0.036736 -0.019346 0.874390 -0.483444 119
1679927018.700426 -23.402744 -32.147190 -6.070244 -0.005910 -0.006407 0.899407 -0.437025 120
1679927019.399715 -23.766907 -32.685497 -6.077032 -0.004508 -0.004173 0.895104 -0.445816 121
1679927019.999582 -23.992037 -32.950680 -6.076852 -0.003645 0.001355 0.872183 -0.489164 122
1679927020.700267 -24.018652 -33.002602 -6.090201 0.002683 -0.006056 0.876731 -0.480936 123
1679927021.999401 -24.032648 -33.053574 -6.091526 -0.003726 0.004122 0.882468 -0.470339 124
1679927023.199071 -24.711275 -33.761726 -6.100078 -0.000240 -0.009335 0.915940 -0.401207 125
1679927023.901006 -25.039444 -34.306248 -6.111745 0.001385 -0.012885 0.876717 -0.480833 126
1679927024.500815 -25.164282 -34.628647 -6.111294 -0.003978 -0.000060 0.885553 -0.464521 127
1679927025.699175 -25.190010 -34.709969 -6.126575 -0.004964 -0.000221 0.876047 -0.482201 128
1679927026.999635 -25.168379 -34.747330 -6.130051 -0.003034 -0.002695 0.876280 -0.481785 129
1679927027.599385 -25.165127 -34.751163 -6.129942 -0.002981 -0.002714 0.876291 -0.481765 130
1679927028.898527 -25.406191 -35.006561 -6.128698 -0.002115 -0.004864 0.881552 -0.472057 131
1679927029.599194 -25.793270 -35.560280 -6.135971 -0.000701 -0.003525 0.872185 -0.489164 132
1679927030.198936 -26.056883 -36.051403 -6.135785 -0.003490 0.002079 -0.860354 0.509681 133
1679927032.399163 -26.243975 -36.517288 -6.154193 -0.001499 -0.001151 0.877482 -0.479607 134
1679927032.899439 -26.264574 -36.545624 -6.154220 -0.003692 0.001637 0.878360 -0.477983 135
1679927033.799124 -26.708654 -37.053791 -6.158514 -0.002960 -0.003581 0.891000 -0.453980 136
1679927034.799766 -27.257446 -37.840725 -6.172891 -0.006256 0.002613 0.891448 -0.453073 137
1679927035.698209 -27.477562 -38.123394 -6.179658 -0.002515 -0.005534 0.914848 -0.403753 138
1679927036.299284 -27.463163 -38.137794 -6.187082 -0.001480 -0.003077 0.913722 -0.406326 139
1679927037.898320 -27.494629 -38.180332 -6.188389 -0.002501 -0.000284 0.913645 -0.406504 140
1679927038.498285 -27.811289 -38.465347 -6.190203 -0.000133 0.001544 0.915870 -0.401471 141
1679927039.699087 -28.576490 -39.322159 -6.206144 -0.002952 -0.004628 0.910763 -0.412893 142
1679927040.799235 -28.838291 -39.642239 -6.218187 0.001606 -0.008529 0.913923 -0.405795 143
1679927041.399098 -28.824390 -39.666988 -6.222609 -0.000606 -0.002187 0.913679 -0.406430 144
1679927042.098399 -28.819891 -39.671551 -6.223821 -0.000727 -0.002009 0.914577 -0.404406 145
1679927042.698236 -28.885075 -39.753254 -6.227490 0.001607 -0.003224 0.910448 -0.413608 146
1679927043.998838 -29.636209 -40.657879 -6.234404 0.011091 -0.016724 0.868976 -0.494448 147
1679927045.497004 -29.905956 -41.041569 -6.247138 -0.003166 0.002806 -0.770935 0.636899 148
1679927046.498874 -29.887976 -41.055809 -6.248234 -0.000466 0.000840 -0.773043 0.634353 149
1679927047.597833 -29.914579 -41.320370 -6.256977 -0.017187 0.023231 -0.721148 0.692178 150
1679927048.599721 -29.946453 -41.675648 -6.252281 0.001697 0.001945 -0.637130 0.770752 151
1679927050.598163 -29.950596 -41.717468 -6.255716 -0.004399 0.007573 -0.645112 0.764038 152
1679927051.597588 -29.665213 -42.306423 -6.254341 -0.024540 0.017919 -0.458818 0.888011 153
1679927052.100379 -29.584715 -42.478401 -6.261274 0.007769 -0.000534 -0.360701 0.932649 154
1679927053.499111 -29.535866 -42.551067 -6.269390 -0.002155 0.001580 -0.420667 0.907211 155
1679927054.200595 -29.533220 -42.551109 -6.269663 -0.000782 0.001000 -0.421278 0.906931 156
1679927054.900105 -29.343891 -42.690022 -6.282622 -0.016434 0.005624 -0.358735 0.933278 157
1679927056.200580 -28.399263 -43.470181 -6.278008 0.007482 -0.001532 -0.338521 0.940928 158
1679927056.899955 -27.995043 -43.756203 -6.289052 -0.008296 0.007828 -0.281195 0.959583 159
1679927058.299933 -27.880707 -43.799675 -6.303059 -0.002164 0.002695 -0.286576 0.958051 160
1679927058.899698 -27.878626 -43.799534 -6.304080 -0.001804 0.002842 -0.285398 0.958403 161
1679927059.599111 -27.636480 -43.944561 -6.318429 -0.007166 0.004907 -0.234494 0.972079 162
1679927060.301158 -27.060392 -44.273346 -6.322066 0.003433 0.002473 -0.208617 0.977988 163
1679927061.600322 -26.208931 -44.728550 -6.327256 -0.002193 0.003737 -0.248087 0.968728 164
1679927062.299669 -26.130476 -44.748398 -6.340370 -0.002815 0.002560 -0.245296 0.969441 165
1679927063.000403 -26.110645 -44.759007 -6.341668 -0.001093 0.002059 -0.245368 0.969427 166
1679927064.299618 -25.949690 -44.865486 -6.344017 -0.004616 -0.019686 -0.246639 0.968897 167
1679927065.000315 -25.559937 -45.105423 -6.201300 -0.054071 -0.209767 -0.241760 0.945847 168
1679927065.699658 -25.192774 -45.286949 -6.042059 -0.030121 -0.122865 -0.270859 0.954271 169
1679927067.000213 -24.894630 -45.346966 -5.988215 -0.032463 -0.133164 -0.229718 0.963558 170
1679927067.699553 -24.921591 -45.384922 -5.983850 -0.030342 -0.137598 -0.226160 0.963845 171
1679927068.400290 -24.921951 -45.424950 -5.981071 -0.028325 -0.128387 -0.225754 0.965272 172
1679927069.099607 -24.894745 -45.436611 -5.982770 -0.030273 -0.122083 -0.226802 0.965785 173
1679927069.699465 -24.891972 -45.435986 -5.982518 -0.022614 -0.086203 -0.228958 0.969348 174
1679927070.397546 -24.814653 -45.452183 -5.980154 -0.008137 -0.002721 -0.114557 0.993380 175
1679927071.798866 -24.605974 -45.428608 -5.983877 0.004118 0.000309 0.108813 0.994054 176
1679927072.499537 -24.569183 -45.423309 -5.985313 0.000058 0.001389 0.106321 0.994331 177
1679927073.798789 -24.532299 -45.400215 -5.988999 -0.013278 0.000406 0.108976 0.993956 178
1679927074.502185 -24.189775 -45.178661 -5.994833 -0.001030 0.000534 0.270347 0.962762 179
1679927075.902209 -23.636084 -44.942116 -5.996934 -0.001914 0.001979 0.394703 0.918805 180
1679927076.498071 -23.573782 -44.909821 -6.000474 -0.000947 -0.000351 0.338376 0.941010 181
1679927077.200160 -23.566240 -44.899506 -6.001339 0.001174 0.000839 0.338730 0.940883 182
1679927078.499336 -23.566259 -44.896179 -6.000944 -0.000113 0.000524 0.348822 0.937189 183
1679927079.099144 -23.566938 -44.895496 -6.001437 -0.003334 -0.000169 0.356411 0.934323 184
1679927080.500506 -23.365602 -44.348202 -6.000194 -0.020634 -0.011354 0.538078 0.842566 185
1679927081.199936 -23.172129 -43.738873 -6.006817 -0.009037 -0.003754 0.595816 0.803061 186
1679927082.499142 -22.819242 -43.051743 -6.024096 -0.002904 0.003724 0.624514 0.780999 187
1679927083.199872 -22.803757 -43.012817 -6.033699 -0.006209 -0.000341 0.624268 0.781186 188
1679927083.799719 -22.808437 -43.003616 -6.035355 -0.003763 0.001580 0.624178 0.781272 189
1679927084.499084 -22.809925 -43.002357 -6.036066 -0.003150 0.002255 0.624119 0.781320 190
1679927085.798291 -22.572918 -42.364029 -6.044650 -0.007715 0.000170 0.555901 0.831213 191
1679927087.098795 -22.136179 -41.243889 -6.055643 -0.007232 -0.002036 0.576726 0.816903 192
1679927087.799523 -22.066778 -41.078045 -6.066405 -0.003867 0.001869 0.583110 0.812382 193
1679927088.399344 -22.084017 -41.072010 -6.072754 -0.003146 0.001771 0.582143 0.813079 194
1679927089.100202 -22.089586 -41.073063 -6.075028 -0.003828 0.001062 0.580740 0.814079 195
1679927090.500170 -22.081022 -40.384331 -6.079903 -0.007544 -0.001076 0.688760 0.724949 196
1679927091.099981 -22.076244 -39.814320 -6.092063 -0.005870 -0.001728 0.703417 0.710751 197
1679927091.698537 -22.064331 -39.285595 -6.092352 -0.010123 -0.007799 0.729889 0.683446 198
1679927092.999034 -22.096457 -39.038475 -6.107892 0.000052 0.002415 0.745971 0.665974 199
1679927094.200119 -22.098593 -38.975109 -6.110422 -0.000291 0.001799 0.746996 0.664826 200
1679927095.497990 -22.017378 -37.871925 -6.118766 0.005552 0.007761 0.668678 0.743491 201
1679927096.100503 -21.931635 -37.312569 -6.132330 0.004713 0.011469 0.635029 0.772389 202
1679927096.699027 -21.869854 -37.033184 -6.136428 -0.005922 0.003418 0.608502 0.793523 203
1679927097.300145 -21.881689 -37.019245 -6.144715 -0.003837 -0.000149 0.612107 0.790766 204
1679927097.899957 -21.891453 -37.020153 -6.147839 -0.001704 -0.000352 0.612595 0.790395 205
1679927099.099701 -21.832809 -36.862278 -6.155472 0.006806 0.003882 0.599999 0.799962 206
1679927099.699559 -21.636074 -36.342476 -6.148760 0.000310 0.002909 0.587717 0.809061 207
1679927100.299372 -21.443743 -35.782097 -6.161210 0.002017 0.001778 0.582138 0.813086 208
1679927101.396871 -21.185019 -35.128098 -6.165855 -0.004841 0.002953 0.487990 0.872831 209
1679927102.000722 -21.198042 -35.113472 -6.174070 -0.003792 0.001692 0.502129 0.864783 210
1679927102.698816 -21.209709 -35.111099 -6.177590 -0.002673 0.001447 0.502295 0.864691 211
1679927103.299936 -21.208454 -35.106739 -6.177966 -0.002849 0.002490 0.502063 0.864823 212
1679927104.498256 -20.881933 -34.664867 -6.175262 0.007967 0.005340 0.225467 0.974204 213
1679927105.096746 -20.843952 -34.593739 -6.181600 -0.002193 0.000937 0.211102 0.977461 214
1679927105.700620 -20.823992 -34.541866 -6.183755 0.000407 -0.000216 0.240136 0.970739 215
1679927106.898876 -20.823526 -34.500847 -6.186132 -0.000355 0.000201 0.240615 0.970621 216
1679927107.498772 -20.824512 -34.494442 -6.186800 -0.000201 -0.000416 0.241357 0.970436 217
1679927108.098719 -20.821814 -34.488010 -6.186789 -0.002001 0.000413 0.242725 0.970093 218
1679927108.698418 -20.730373 -34.354836 -6.182326 -0.014833 -0.005644 0.411111 0.911447 219
1679927109.400558 -20.717260 -34.224751 -6.184581 0.002977 0.002299 0.599731 0.800193 220
1679927110.397194 -20.681465 -34.174618 -6.188745 0.000243 -0.000814 0.543436 0.839450 221
1679927110.999573 -20.679060 -34.171299 -6.188413 0.001078 0.000168 0.542881 0.839809 222
1679927111.599426 -20.678026 -34.170437 -6.188810 -0.002094 -0.002058 0.548884 0.835893 223
1679927112.199254 -20.656460 -34.117313 -6.188029 0.005373 0.003414 0.547355 0.836877 224
1679927112.898655 -20.350538 -33.680820 -6.196427 0.002861 0.002337 0.512106 0.858914 225
1679927114.199155 -19.785633 -32.634743 -6.207143 0.000348 0.003415 0.497100 0.867686 226
1679927114.699471 -19.667528 -32.424610 -6.208811 -0.002283 0.003571 0.481691 0.876331 227
1679927115.497858 -19.654444 -32.369335 -6.223516 -0.002725 0.001338 0.484133 0.874989 228
1679927116.596660 -19.648478 -32.339432 -6.225755 -0.003217 0.001391 0.479082 0.877763 229
1679927117.197795 -19.440475 -32.054447 -6.227601 -0.001061 0.002811 0.483555 0.875309 230
1679927117.797665 -19.127493 -31.549583 -6.242409 -0.005843 0.000352 0.487484 0.873112 231
1679927118.697423 -18.716578 -30.862717 -6.251648 -0.003225 0.003129 0.481311 0.876539 232
1679927120.197070 -18.553595 -30.614832 -6.267596 -0.002922 0.002076 0.484106 0.875002 233
1679927121.797472 -18.409359 -30.319786 -6.278322 -0.004834 0.003362 0.493469 0.869744 234
1679927122.896443 -17.815046 -29.438261 -6.287264 -0.000279 0.004024 0.478968 0.877823 235
1679927123.997771 -17.480459 -28.937626 -6.296331 -0.003700 0.003013 0.484340 0.874867 236
1679927125.596915 -17.450993 -28.873556 -6.305000 -0.002097 0.002189 0.483569 0.875301 237
1679927126.697067 -17.354975 -28.705591 -6.320679 -0.004793 -0.000647 0.492032 0.870564 238
1679927127.197407 -17.116066 -28.305910 -6.314816 -0.001173 0.003660 0.491932 0.870625 239
1679927128.196674 -16.591459 -27.509428 -6.327435 0.000164 0.003065 0.482318 0.875991 240
1679927128.697063 -16.427017 -27.232529 -6.327765 -0.005856 0.003332 0.480946 0.876724 241
1679927129.797240 -16.390203 -27.150734 -6.342923 -0.002287 0.001759 0.483709 0.875224 242
1679927130.496480 -16.388033 -27.149176 -6.344307 -0.001551 0.001334 0.484043 0.875042 243
1679927131.197258 -16.366594 -27.117651 -6.344491 -0.000932 0.002236 0.485178 0.874412 244
1679927131.896602 -16.087584 -26.727869 -6.348811 0.000396 -0.000985 0.485441 0.874269 245
1679927132.596020 -15.730822 -26.132782 -6.352989 -0.001815 0.000696 0.486311 0.873784 246
1679927133.197137 -15.432857 -25.673265 -6.364058 -0.009247 0.001794 0.506031 0.862464 247
1679927133.897866 -15.299348 -25.468454 -6.372953 -0.003459 0.005157 0.518412 0.855109 248
1679927135.197059 -15.324123 -25.448357 -6.382131 -0.002241 0.002671 0.518474 0.855086 249
1679927135.896469 -15.322605 -25.429918 -6.382408 -0.006036 0.001990 0.518871 0.854829 250
1679927136.597197 -15.245790 -25.034958 -6.381941 -0.012173 -0.005762 0.606909 0.794657 251
1679927137.196980 -15.070866 -24.475872 -6.394455 -0.006624 0.001006 0.628686 0.777630 252
1679927138.496255 -14.702840 -23.636560 -6.398606 0.002699 0.002642 0.647750 0.761843 253
1679927139.097371 -14.690306 -23.560467 -6.408696 0.000247 0.001299 0.647114 0.762392 254
1679927139.697260 -14.687653 -23.538244 -6.410365 -0.000075 0.001254 0.647195 0.762323 255
1679927140.797402 -14.688040 -23.534981 -6.411946 -0.003038 -0.001186 0.649946 0.759973 256
1679927141.995796 -14.506469 -22.960913 -6.423389 0.003834 0.005631 0.568796 0.822451 257
1679927143.296261 -14.054070 -21.852295 -6.429926 0.003710 0.005401 0.527069 0.849797 258
1679927143.996995 -13.946715 -21.632105 -6.437329 -0.005658 0.000381 0.512187 0.858855 259
1679927144.697720 -13.970501 -21.606413 -6.446376 -0.001851 0.000997 0.513868 0.857867 260
1679927145.397154 -13.977064 -21.603304 -6.447962 -0.000433 0.001175 0.511479 0.859295 261
1679927146.096442 -13.940352 -21.541740 -6.447320 0.003228 0.003416 0.506823 0.862038 262
1679927146.797285 -13.610653 -21.069202 -6.457545 -0.002315 0.003598 0.490917 0.871196 263
1679927148.197264 -12.946403 -20.005379 -6.474613 -0.001056 0.004522 0.473804 0.880618 264
1679927148.797140 -12.858932 -19.898722 -6.476009 -0.005481 0.003971 0.471395 0.881896 265
1679927149.496520 -12.880106 -19.875120 -6.483770 -0.003254 0.003255 0.471887 0.881647 266
1679927150.197279 -12.886785 -19.871346 -6.485682 -0.003692 0.002812 0.471899 0.881640 267
1679927151.496499 -12.503735 -19.315485 -6.491874 0.000508 0.004750 0.464652 0.885481 268
1679927152.296728 -12.044782 -18.695507 -6.497486 0.006691 0.006885 0.456747 0.889545 269
1679927152.997403 -11.777077 -18.320286 -6.500268 0.004266 0.008794 0.293822 0.955810 270
1679927153.695477 -11.724965 -18.240416 -6.515395 -0.002316 -0.000111 0.318797 0.947820 271
1679927154.397493 -11.713688 -18.220078 -6.517425 -0.001475 0.000532 0.325005 0.945711 272
1679927155.096887 -11.712690 -18.218437 -6.518172 -0.001475 0.000632 0.324471 0.945894 273
1679927155.797557 -11.691859 -18.209267 -6.517923 0.004141 0.003598 0.322204 0.946654 274
1679927157.195071 -11.162802 -18.055029 -6.518352 -0.001828 0.002726 -0.029823 0.999550 275
1679927157.899688 -11.124565 -18.006857 -6.521897 -0.002440 -0.001414 0.030872 0.999519 276
1679927158.596399 -11.088322 -17.968910 -6.522189 -0.002377 -0.000008 0.032346 0.999474 277
1679927159.996555 -11.071191 -17.946253 -6.525869 -0.000871 0.001033 0.034399 0.999407 278
1679927160.796793 -10.941506 -17.957626 -6.528802 0.010025 -0.000137 0.004371 0.999940 279
1679927161.496167 -10.422393 -18.065430 -6.522362 0.017839 -0.000930 -0.125412 0.991944 280
1679927162.096083 -9.983929 -18.223419 -6.531123 0.004525 0.005869 -0.255134 0.966877 281
1679927162.796689 -9.904932 -18.246040 -6.537974 -0.005072 0.003621 -0.240257 0.970689 282
1679927163.497414 -9.894991 -18.229612 -6.542611 0.000266 0.000972 -0.236836 0.971549 283
1679927164.796683 -9.773549 -18.296419 -6.548051 0.004974 -0.002505 -0.259027 0.965854 284
1679927165.396595 -9.335483 -18.561489 -6.543519 -0.002000 0.002284 -0.266107 0.963939 285
1679927167.497346 -8.138688 -19.138903 -6.565967 -0.002899 0.001453 -0.176817 0.984238 286
1679927168.196654 -8.105322 -19.123407 -6.569016 -0.001227 0.000967 -0.175971 0.984394 287
1679927168.897318 -8.099880 -19.117981 -6.570310 0.000518 0.001750 -0.161960 0.986796 288
1679927169.596798 -8.085059 -19.118212 -6.569735 -0.004271 0.002783 -0.169508 0.985516 289
1679927170.296213 -7.739116 -19.151094 -6.566437 -0.029840 0.000427 0.028367 0.999152 290
1679927171.099080 -7.455134 -19.164946 -6.575537 0.009039 0.000954 0.177028 0.984164 291
1679927171.794517 -7.405314 -19.173861 -6.579829 -0.000187 0.002229 0.123014 0.992402 292
1679927172.497762 -7.397770 -19.174868 -6.580684 -0.000678 0.002365 0.121858 0.992545 293
1679927173.197203 -7.388875 -19.168701 -6.580927 -0.006304 0.003383 0.121808 0.992528 294
1679927173.896601 -7.224464 -19.070745 -6.582698 -0.015995 -0.003316 0.342843 0.939251 295
1679927174.683271 -7.179583 -19.030325 -6.585139 0.000733 0.000211 0.405184 0.914235 296
1679927176.080686 -7.182942 -19.022751 -6.584035 -0.002105 0.001063 0.382302 0.924035 297
1679927176.780131 -7.184205 -19.021847 -6.584054 -0.002565 0.000898 0.383782 0.923420 298
1679927178.182814 -7.012358 -18.381172 -6.586709 0.016447 0.015021 0.584236 0.811278 299
1679927178.878205 -6.706994 -17.842831 -6.591981 0.002638 0.005459 0.493047 0.869981 300
1679927179.581581 -6.487564 -17.327572 -6.597579 -0.017430 -0.008405 0.544435 0.838580 301
1679927181.079889 -6.471943 -17.052317 -6.620595 -0.004754 -0.001586 0.600556 0.799567 302
1679927181.780584 -6.474909 -17.034847 -6.622396 -0.002520 0.000478 0.600373 0.799716 303
1679927182.580845 -6.465219 -17.014856 -6.623604 0.001935 0.005017 0.597686 0.801713 304
1679927183.280186 -6.251378 -16.690596 -6.624368 0.000576 0.000853 0.570883 0.821031 305
1679927184.681542 -6.018328 -15.607430 -6.637138 -0.012302 -0.014679 0.794444 0.607036 306
1679927185.380962 -6.049634 -15.474799 -6.646469 -0.002959 -0.002140 0.800519 0.599297 307
1679927185.979407 -6.071158 -15.478957 -6.650770 -0.002324 -0.000182 0.790230 0.612806 308
1679927187.379488 -6.084918 -15.481910 -6.652098 -0.001258 0.001601 0.787707 0.616047 309
1679927188.179771 -6.219102 -15.196216 -6.659314 -0.018020 -0.021952 0.855520 0.516991 310
1679927188.879094 -6.419747 -14.710294 -6.654183 -0.009309 -0.010048 0.928707 0.370561 311
1679927189.680685 -6.478359 -14.570059 -6.661723 -0.002178 -0.003170 0.927781 0.373107 312
1679927190.780804 -6.507378 -14.562213 -6.664398 -0.001973 -0.000144 0.925406 0.378973 313
1679927191.579766 -6.517327 -14.555943 -6.664979 -0.002546 0.000955 0.927686 0.373352 314
1679927192.880383 -7.230566 -13.877505 -6.682401 0.000625 0.011084 0.925788 0.377879 315
1679927194.278978 -7.906737 -13.182781 -6.693406 -0.003796 -0.001870 0.820716 0.571321 316
1679927195.282317 -7.950599 -13.134666 -6.699537 -0.002376 -0.001856 0.842791 0.538232 317
1679927196.580155 -7.950708 -13.133583 -6.701625 -0.000260 0.002018 0.838492 0.544911 318
1679927197.181377 -7.980902 -13.003388 -6.702275 0.023571 0.025531 0.789476 0.612797 319
1679927198.680916 -8.074245 -12.512410 -6.708033 -0.002246 0.002744 0.668382 0.743810 320
1679927200.081288 -8.087328 -12.502133 -6.709119 -0.001420 0.003661 0.671633 0.740874 321
1679927201.178497 -7.789001 -11.872222 -6.707986 0.009401 0.009530 0.546795 0.837160 322
1679927201.178497 -7.789001 -11.872222 -6.707986 0.009401 0.009530 0.546795 0.837160 323
1679927201.978640 -7.571438 -11.427066 -6.719954 -0.006219 0.002217 0.381824 0.924212 324
1679927203.280632 -7.588327 -11.406153 -6.728367 -0.002243 0.001254 0.441438 0.897288 325
1679927204.680613 -7.479615 -11.291393 -6.735849 0.006157 0.002408 0.429788 0.902906 326
1679927205.979934 -6.634998 -10.378075 -6.748451 -0.003020 0.004240 0.407219 0.913316 327
1679927206.480233 -6.368002 -10.070060 -6.746630 -0.000024 0.002317 0.398890 0.916996 328
1679927207.380208 -6.221472 -9.928473 -6.757952 -0.008902 -0.001378 0.396708 0.917900 329
1679927207.880435 -6.236105 -9.910651 -6.761654 -0.003345 0.001025 0.397119 0.917760 330
1679927209.080152 -6.226310 -9.862690 -6.764022 -0.012333 -0.002818 0.401233 0.915889 331
1679927209.981336 -5.904608 -9.261919 -6.764664 -0.002305 0.001852 0.495450 0.868632 332
1679927209.981336 -5.904608 -9.261919 -6.764664 -0.002305 0.001852 0.495450 0.868632 333
1679927210.979364 -5.396992 -8.491318 -6.778692 -0.002076 -0.002219 0.506150 0.862440 334
1679927211.481045 -5.242831 -8.257285 -6.768662 0.007035 -0.011614 0.504245 0.863454 335
1679927212.980733 -5.205927 -8.174943 -6.781726 0.009130 -0.019506 0.505322 0.862662 336
1679927214.180723 -5.125816 -7.985838 -6.786894 0.010691 -0.019668 0.532196 0.846325 337
1679927214.879916 -4.839134 -7.420059 -6.731936 0.021166 -0.028202 0.522915 0.851655 338
1679927215.580838 -4.448220 -6.881408 -6.685213 0.020620 -0.029296 0.506112 0.861724 339
1679927216.281396 -4.179436 -6.535913 -6.663883 0.018383 -0.027713 0.503855 0.863148 340
1679927217.080274 -4.123449 -6.428264 -6.665363 0.012396 -0.030434 0.504045 0.863052 341
1679927217.781101 -4.141913 -6.415542 -6.670515 0.015893 -0.029273 0.504321 0.862873 342
1679927218.480579 -4.145243 -6.413740 -6.671570 0.016828 -0.028813 0.504498 0.862768 343
1679927219.881939 -4.108832 -5.860758 -6.637942 0.011005 -0.030708 0.649019 0.760072 344
1679927220.581354 -3.922646 -5.359569 -6.601509 0.033628 -0.020672 0.530364 0.846851 345
1679927221.279482 -3.534419 -4.959803 -6.568970 0.016568 -0.032242 0.440706 0.896919 346
1679927222.679580 -3.176775 -4.649736 -6.549339 0.013055 -0.032618 0.507578 0.860889 347
1679927222.679580 -3.176775 -4.649736 -6.549339 0.013055 -0.032618 0.507578 0.860889 348
1679927223.981606 -3.193214 -4.639700 -6.551260 0.016681 -0.028989 0.503100 0.863581 349
1679927224.680938 -3.123482 -4.522749 -6.547527 0.022179 -0.028560 0.499473 0.865574 350
1679927225.381641 -2.794782 -3.993016 -6.499983 0.013680 -0.021814 0.493773 0.869209 351
1679927225.980172 -2.470093 -3.473652 -6.504347 0.004045 -0.010651 0.498509 0.866809 352
1679927226.780469 -2.203844 -2.932593 -6.515041 -0.005966 0.006825 0.501689 0.865001 353
1679927227.380347 -2.166968 -2.862451 -6.524074 -0.005166 0.001051 0.499239 0.866448 354
1679927228.780454 -2.186466 -2.840354 -6.530306 -0.002244 0.001773 0.499851 0.866107 355
1679927230.180601 -1.886663 -2.406652 -6.535727 0.000663 0.000036 0.497476 0.867478 356
1679927230.881289 -1.537171 -1.813875 -6.541376 -0.001856 0.001380 0.498970 0.866616 357
1679927231.580712 -1.259385 -1.294754 -6.549143 -0.003661 0.001998 0.501839 0.864951 358
1679927232.281418 -1.142782 -1.097300 -6.556579 -0.001945 0.001806 0.503357 0.864075 359
1679927232.980766 -1.157728 -1.068352 -6.564494 -0.002200 0.001115 0.503292 0.864113 360
1679927233.680195 -1.162814 -1.063915 -6.566127 -0.002198 0.000546 0.502295 0.864693 361
1679927235.181205 -0.710132 -0.343582 -6.568840 -0.000086 0.000676 0.499358 0.866395 362
1679927235.887411 -0.371371 0.249343 -6.577736 -0.002348 0.002454 0.499711 0.866185 363
1679927236.588123 -0.157519 0.658470 -6.586635 -0.002843 0.005056 0.503641 0.863894 364
1679927237.287526 -0.126614 0.715138 -6.597723 -0.005396 -0.002323 0.502563 0.864521 365
1679927237.988232 -0.132604 0.729693 -6.600455 -0.001688 -0.001288 0.502865 0.864363 366
1679927239.388419 -0.051277 0.884487 -6.611742 -0.000096 -0.002524 0.503527 0.863976 367
1679927240.087750 0.275070 1.439079 -6.602101 0.000025 0.001473 0.504406 0.863465 368
1679927240.788461 0.626918 2.022006 -6.611242 -0.001054 0.002240 0.504265 0.863546 369
1679927241.388314 0.827116 2.386711 -6.619737 -0.004743 0.001033 0.500623 0.865652 370
1679927242.087768 0.854955 2.486030 -6.630902 -0.003406 0.001111 0.502311 0.864680 371
1679927243.388307 0.868065 2.505535 -6.634253 -0.002453 0.002056 0.503540 0.863966 372
1679927244.687626 1.211458 3.041884 -6.645830 -0.001214 0.001528 0.500569 0.865694 373
1679927246.087701 1.803735 4.123863 -6.657713 -0.002178 0.000898 0.502668 0.864476 374
1679927246.687574 1.893091 4.249522 -6.660863 -0.001724 0.003653 0.502727 0.864436 375
1679927247.288793 1.887653 4.282703 -6.668366 -0.003629 0.001383 0.502398 0.864628 376
1679927247.988101 1.882242 4.291653 -6.670268 -0.002262 0.002213 0.501106 0.865380 377
1679927249.287360 2.198452 4.763516 -6.679301 0.002739 -0.000072 0.500552 0.865702 378
1679927249.988153 2.547039 5.353870 -6.683799 -0.001551 0.001136 0.501691 0.865045 379
1679927251.388178 2.888816 6.020111 -6.696489 -0.001908 0.001719 0.501880 0.864934 380
1679927252.087630 2.873179 6.047218 -6.702750 -0.002063 0.000203 0.501776 0.864995 381
1679927253.389550 2.983670 6.172994 -6.708490 0.011204 0.005206 0.452764 0.891545 382
1679927254.087531 3.439281 6.614504 -6.704796 0.004410 0.002982 0.411414 0.911433 383
1679927254.788251 3.895103 7.108262 -6.713041 0.002763 0.004965 0.399258 0.916821 384
1679927255.487703 4.255692 7.461739 -6.728370 0.000850 0.007231 0.262271 0.964967 385
1679927256.188322 4.276624 7.497233 -6.735902 -0.005950 0.004245 0.292502 0.956237 386
1679927256.889052 4.265633 7.509521 -6.739851 -0.001848 0.003952 0.295499 0.955333 387
1679927257.588548 4.263468 7.509542 -6.740789 -0.002508 0.003825 0.294719 0.955573 388
1679927258.287850 4.388495 7.604330 -6.751113 -0.003334 0.001764 0.304523 0.952497 389
1679927259.588410 5.458921 8.374299 -6.762731 0.002213 0.005941 0.298681 0.954332 390
1679927260.287892 5.806456 8.620667 -6.766059 -0.005569 0.003533 0.295120 0.955438 391
1679927260.988622 5.851023 8.683805 -6.779128 -0.004280 0.003337 0.295687 0.955270 392
1679927261.687899 5.865324 8.702528 -6.782886 -0.002028 0.004607 0.295708 0.955265 393
1679927262.287769 5.865835 8.703727 -6.783648 -0.002102 0.004742 0.295327 0.955382 394
1679927264.287790 6.954198 9.411108 -6.802245 0.000207 0.002226 0.292297 0.956325 395
1679927264.988426 7.411058 9.738334 -6.807280 -0.002585 0.002738 0.294780 0.955558 396
1679927266.287668 7.586295 9.857637 -6.818159 -0.002177 0.001237 0.296563 0.955010 397
1679927267.588216 7.696838 9.943117 -6.826826 0.000233 0.000177 0.295748 0.955266 398
1679927268.188116 8.149279 10.249504 -6.823522 0.000190 0.002710 0.293598 0.955925 399
1679927268.787935 8.632593 10.557430 -6.828130 -0.000263 0.000330 0.293532 0.955949 400
1679927269.387864 9.069238 10.820930 -6.831078 -0.000780 0.002096 0.295724 0.955271 401
1679927272.487884 9.305055 11.013513 -6.848640 0.000433 0.000082 0.299727 0.954025 402
1679927273.288071 9.776978 11.297701 -6.856482 0.003978 -0.002696 0.301168 0.953559 403
1679927274.388294 10.641787 11.902278 -6.863066 -0.001583 0.004036 0.298510 0.954397 404
1679927274.888559 10.933437 12.111555 -6.868409 -0.003304 0.008225 0.297318 0.954737 405
1679927276.288641 10.978212 12.178250 -6.880490 -0.000823 0.000147 0.295270 0.955413 406
1679927277.387601 10.976393 12.183437 -6.881226 -0.000902 0.001103 0.293162 0.956062 407
1679927277.887777 11.096171 12.278316 -6.889831 -0.006186 -0.003465 0.311265 0.950297 408
1679927279.188379 12.070534 13.039491 -6.898162 -0.001674 0.004381 0.332801 0.942985 409
1679927279.788179 12.423032 13.296238 -6.900277 -0.001289 0.002581 0.334088 0.942538 410
1679927280.288496 12.521399 13.402783 -6.906409 -0.001964 0.003726 0.335616 0.941990 411
1679927281.688588 12.571430 13.458260 -6.914964 -0.001465 0.000653 0.334139 0.942522 412
1679927282.787473 12.623467 13.502735 -6.918613 -0.002472 0.000969 0.338094 0.941109 413
1679927283.587645 13.067345 13.877531 -6.918600 0.001879 0.003054 0.338485 0.940965 414
1679927284.088104 13.361315 14.126069 -6.923658 0.006712 0.004677 0.301359 0.953476 415
1679927285.789284 14.230061 14.696867 -6.941609 -0.001444 0.003414 0.347966 0.937500 416
1679927286.888375 14.217613 14.742361 -6.952816 -0.000687 0.000720 0.349504 0.936934 417
1679927288.286978 14.375910 14.956248 -6.964311 -0.015242 -0.005060 0.414180 0.910053 418
1679927289.687066 15.131666 16.026112 -6.969287 -0.002141 0.002510 0.477181 0.878799 419
1679927290.588170 15.348941 16.366352 -6.976692 -0.004006 0.002483 0.482709 0.875768 420
1679927291.487988 15.369384 16.421522 -6.985682 -0.002566 0.001491 0.481644 0.876362 421
1679927292.087780 15.369977 16.424322 -6.986606 -0.001738 0.001981 0.482306 0.875999 422
1679927292.687688 15.399555 16.470945 -6.987371 -0.001278 0.001856 0.482214 0.876051 423
1679927293.287479 15.586514 16.715851 -6.994402 0.000715 0.000714 0.479607 0.877483 424
1679927294.587963 16.010290 17.415543 -6.985917 0.010936 -0.027217 0.499468 0.865835 425
1679927295.088353 16.126505 17.632067 -6.918264 0.062142 -0.102584 0.505042 0.854721 426
1679927296.387678 16.174139 17.692244 -6.919164 0.075772 -0.126610 0.505575 0.850072 427
1679927296.988884 16.181725 17.726963 -6.921283 0.072025 -0.131273 0.502413 0.851564 428
1679927298.788418 16.287563 17.938656 -6.860018 0.104898 -0.189747 0.494217 0.841868 429
1679927299.787715 16.536123 18.492863 -6.648219 0.014435 -0.021400 0.518991 0.854390 430
1679927300.387541 16.748919 18.815702 -6.647286 0.000230 0.002405 0.522410 0.852691 431
1679927301.288914 16.984425 19.259169 -6.665370 -0.000355 0.004067 0.512480 0.858690 432
1679927302.188409 17.102030 19.461515 -6.673966 -0.002155 0.002132 0.506663 0.862139 433
1679927302.988683 17.104107 19.494675 -6.682284 -0.001788 0.000702 0.506825 0.862047 434
1679927303.787596 17.087078 19.521931 -6.685972 -0.001060 0.000943 0.506666 0.862141 435
1679927304.388764 17.083675 19.526207 -6.685916 -0.001519 0.000993 0.506619 0.862168 436
1679927305.887242 17.165470 19.768911 -6.695670 -0.014489 -0.008901 0.572797 0.819521 437
1679927307.088126 17.603704 20.524265 -6.691649 -0.002566 0.005024 0.712113 0.702042 438
1679927307.787439 17.651655 20.594769 -6.699042 -0.001096 0.002164 0.714731 0.699395 439
1679927308.387306 17.656744 20.608456 -6.700586 -0.001961 0.001495 0.716945 0.697125 440
1679927308.889020 17.657305 20.610373 -6.701062 -0.002669 0.000770 0.717102 0.696962 441
1679927309.689197 17.629881 20.607340 -6.705791 -0.001584 -0.000593 0.691743 0.722141 442
1679927310.788025 17.467058 20.672516 -6.700689 -0.004039 0.000837 0.842071 0.539351 443
1679927311.289739 17.418842 20.653158 -6.700709 -0.002590 -0.003477 0.924496 0.381167 444
1679927312.087256 17.380322 20.692211 -6.699031 0.001783 -0.000397 0.995671 0.092930 445
1679927312.587575 17.379782 20.726421 -6.700591 -0.000309 -0.004485 0.995728 -0.092230 446
1679927313.389145 17.335464 20.710928 -6.703738 0.003077 0.000151 0.993965 -0.109658 447
1679927314.388399 17.324409 20.701750 -6.702727 0.001079 -0.001495 0.995055 -0.099313 448
1679927315.488797 17.293360 20.687386 -6.703553 0.001352 -0.006114 0.993839 -0.110658 449
1679927316.289036 16.779787 20.451437 -6.708656 0.001188 -0.006870 0.981528 -0.191189 450
1679927318.089734 15.537520 19.913424 -6.727581 -0.002759 0.004014 0.917677 -0.397298 451
1679927319.086439 15.500088 19.875643 -6.734024 -0.000231 -0.000175 0.938268 -0.345910 452
1679927319.589315 15.498939 19.873156 -6.734892 0.000011 -0.000344 0.938366 -0.345644 453
1679927320.187848 15.490260 19.861322 -6.735518 -0.000307 -0.002773 0.938147 -0.346227 454
1679927321.287995 14.988932 19.284433 -6.735518 -0.000649 -0.002538 0.912986 -0.407982 455
1679927322.088320 14.549053 18.657360 -6.786923 -0.028653 -0.025389 0.884999 -0.464017 456
1679927322.988060 14.300983 18.236389 -6.850698 -0.039763 -0.021830 0.874073 -0.483672 457
1679927323.887807 14.291814 18.192255 -6.859356 -0.036981 -0.022168 0.875231 -0.481779 458
1679927325.087425 14.220102 18.058863 -6.876697 -0.033844 -0.023184 0.867829 -0.495166 459
1679927326.187716 13.692618 17.171839 -6.971385 0.042240 0.019377 -0.859558 0.508921 460
1679927327.387331 13.219371 16.521015 -7.057519 -0.037664 -0.021191 0.874967 -0.482251 461
1679927328.187568 13.189382 16.452440 -7.065261 -0.034350 -0.021889 0.873918 -0.484364 462
1679927329.788007 13.154582 16.357130 -7.074997 -0.029956 -0.025317 0.868868 -0.493488 463
1679927330.987728 12.713118 15.428034 -7.158061 -0.029351 -0.008583 0.872310 -0.487995 464
1679927331.488098 12.407288 15.049725 -7.190079 -0.013201 0.012969 0.904741 -0.425560 465
1679927332.187428 12.145923 14.783357 -7.195240 -0.005193 -0.002161 0.907358 -0.420322 466
1679927333.387270 12.102056 14.705055 -7.201643 0.000354 -0.001561 0.907052 -0.421016 467
1679927334.988985 11.901674 14.564255 -7.210189 -0.008119 0.025642 0.951695 -0.305865 468
1679927336.186044 11.562036 14.345122 -7.209066 -0.004552 -0.001790 0.994436 -0.105229 469
1679927336.988938 11.553727 14.324826 -7.210618 0.000183 -0.003418 0.991584 -0.129420 470
1679927338.187217 11.538151 14.315156 -7.212941 -0.002761 0.003433 0.989235 -0.146272 471
1679927339.287566 11.197118 14.314314 -7.210046 0.000907 0.026739 0.999182 0.030319 472
1679927340.487206 10.906447 14.304025 -7.218120 -0.003367 0.000525 0.986826 0.161750 473
1679927341.688170 10.878888 14.304420 -7.218464 -0.001896 -0.001516 0.988179 0.153284 474
1679927342.487179 10.876182 14.303262 -7.220578 -0.002245 0.002453 0.990548 0.137124 475
1679927343.288778 10.690217 14.363044 -7.230415 0.000305 0.003220 0.988400 0.151840 476
1679927344.588053 9.528348 14.806578 -7.230971 -0.002781 0.003125 0.985611 0.168977 477
1679927346.087777 9.017089 14.974154 -7.249876 -0.002693 -0.001660 0.981941 0.189160 478
1679927347.088433 8.994126 14.978138 -7.252308 -0.001888 0.000077 0.982128 0.188207 479
1679927347.887465 8.852037 15.010043 -7.260536 -0.003101 -0.024297 0.991150 0.130466 480
1679927348.689135 8.326040 15.081096 -7.257819 -0.002090 -0.010458 0.993305 -0.115030 481
1679927349.886119 8.183285 15.107952 -7.265173 -0.000867 -0.000822 0.995184 -0.098019 482
1679927350.488690 8.171483 15.105469 -7.265387 -0.001169 0.000021 0.995292 -0.096914 483
1679927351.986991 8.064364 15.064570 -7.268618 0.005025 -0.027234 0.987155 -0.157345 484
1679927353.290217 7.561639 14.818363 -7.265922 -0.001393 0.003175 0.903179 -0.429251 485
1679927354.086517 7.505135 14.785301 -7.271846 -0.001005 0.000319 0.922308 -0.386455 486
1679927355.288841 7.495288 14.776788 -7.272680 -0.000838 -0.000745 0.922194 -0.386727 487
1679927356.288196 7.294766 14.393784 -7.274809 -0.009433 0.019195 -0.863092 0.504593 488
1679927357.887003 7.061025 13.977217 -7.285777 0.000938 0.003418 -0.786065 0.618134 489
1679927359.289738 7.062264 13.963941 -7.287189 0.001556 0.003731 -0.787396 0.616434 490
1679927360.789401 6.948870 13.174676 -7.292520 0.001456 0.003465 -0.755091 0.655609 491
1679927361.389262 6.857353 12.582501 -7.306505 0.003612 0.002136 -0.751312 0.659934 492
1679927362.888957 6.763066 11.951582 -7.325178 -0.003334 0.004217 -0.744663 0.667419 493
1679927363.389405 6.765131 11.930567 -7.326317 -0.001223 0.001117 -0.744599 0.667510 494
1679927364.589007 6.765250 11.925835 -7.327547 -0.000061 0.000278 -0.743539 0.668692 495
1679927366.089894 6.563837 10.886659 -7.336805 0.007433 -0.004080 -0.771616 0.636032 496
1679927366.891495 6.441044 10.184749 -7.344091 0.017535 -0.020994 -0.830180 0.556825 497
1679927368.190748 6.399780 9.980803 -7.360741 -0.000753 -0.004596 0.869681 -0.493592 498
1679927368.890121 6.408625 9.977887 -7.362439 -0.001096 -0.001953 0.868504 -0.495678 499
1679927369.889454 6.393701 9.949455 -7.362651 -0.000839 -0.003478 0.868045 -0.496473 500
1679927370.489318 6.218920 9.609025 -7.360214 0.000856 0.000126 -0.862411 0.506207 501
1679927371.589445 5.631824 8.720289 -7.372496 -0.003620 0.004115 0.879744 -0.475417 502
1679927372.388386 5.370729 8.325170 -7.377047 0.001298 -0.003396 0.905612 -0.424092 503
1679927372.890093 5.348561 8.276881 -7.383592 0.002780 -0.003337 0.902440 -0.430795 504
1679927373.589412 5.339868 8.254682 -7.386321 0.001565 -0.001058 0.902032 -0.431665 505
1679927375.389101 4.894297 7.839892 -7.396062 -0.000490 0.002800 0.915463 -0.402391 506
1679927376.590079 4.116574 7.007976 -7.398767 -0.002411 -0.000786 0.918123 -0.396287 507
1679927377.889252 3.914488 6.768975 -7.414236 -0.001958 -0.003671 0.918374 -0.395692 508
1679927378.889906 3.927287 6.759507 -7.418066 -0.002116 -0.003821 0.918770 -0.394770 509
1679927379.687496 3.798663 6.623549 -7.421782 0.003463 -0.017197 0.899567 -0.436431 510
1679927380.191899 3.705643 6.380993 -7.416770 0.003201 -0.002189 -0.865080 0.501618 511
1679927381.990049 2.611158 5.396734 -7.436176 -0.002984 -0.006358 0.917612 -0.397415 512
1679927382.689530 2.560649 5.312403 -7.448770 0.001603 -0.003751 0.918376 -0.395689 513
1679927383.189783 2.548511 5.294425 -7.449614 0.000578 -0.000519 0.918312 -0.395857 514
1679927385.088917 2.219477 4.981709 -7.449124 0.001429 0.000994 0.914536 -0.404501 515
1679927385.690052 1.812795 4.532527 -7.461578 -0.002394 -0.001460 0.913502 -0.406824 516
1679927387.390139 1.183902 3.800499 -7.479276 -0.000438 0.006119 -0.863523 0.504272 517
1679927387.988585 1.202864 3.783450 -7.484244 0.002192 0.001712 -0.865294 0.501257 518
1679927389.090139 1.195536 3.749742 -7.485290 0.002096 0.003214 -0.865738 0.500483 519
1679927390.389345 0.661732 2.822541 -7.492480 0.002507 0.002894 -0.860168 0.509997 520
1679927391.390000 0.266342 2.120315 -7.503654 0.001793 0.005195 -0.862007 0.506866 521
1679927392.389355 0.226465 1.985240 -7.516729 -0.001107 0.001923 -0.861088 0.508451 522
1679927393.689836 0.221338 1.976558 -7.518785 -0.000654 0.000062 -0.860020 0.510260 523
1679927395.389921 -0.372378 0.932128 -7.521242 0.000970 -0.001876 -0.856900 0.515478 524
1679927395.989845 -0.520396 0.674327 -7.527807 0.003784 0.008251 -0.861824 0.507126 525
1679927396.490064 -0.532068 0.623117 -7.538021 0.001828 0.003567 -0.860232 0.509887 526
1679927397.890167 -0.544004 0.571616 -7.542344 0.000193 0.000984 -0.859526 0.511092 527
1679927398.390547 -0.544206 0.571021 -7.543339 0.002279 -0.002213 -0.864023 0.503443 528
1679927399.189414 -0.544248 0.570727 -7.543659 -0.001268 0.000885 0.866199 -0.499697 529
1679927399.789303 -0.545214 0.572334 -7.543774 -0.000024 -0.002069 0.870097 -0.492876 530
1679927400.589507 -0.544653 0.572744 -7.543335 -0.001002 -0.001507 0.868111 -0.496367 531
1679927402.190005 -0.544632 0.574446 -7.542878 -0.001658 -0.000665 0.866221 -0.499658 532
1679927402.789851 -0.544542 0.574734 -7.542718 -0.001654 -0.000603 0.866208 -0.499680 533
1679927403.789163 -0.544576 0.575118 -7.542209 -0.001676 -0.000559 0.866151 -0.499779 534
1679927404.889350 -0.545302 0.575548 -7.541898 -0.001714 -0.000522 0.866146 -0.499788 535
1679927405.389664 -0.545710 0.575846 -7.542075 -0.001681 -0.000404 0.866139 -0.499799 536
1679927405.989491 -0.546113 0.575972 -7.542286 -0.001681 -0.000399 0.866125 -0.499824 537
1679927406.789822 -0.546424 0.576151 -7.542449 -0.001724 -0.000398 0.866118 -0.499836 538
1679927407.290104 -0.546782 0.576241 -7.542521 -0.001742 -0.000441 0.866103 -0.499862 539
1679927407.889975 -0.547176 0.576038 -7.542623 -0.001722 -0.000457 0.866103 -0.499862 540
1679927408.390242 -0.547351 0.575644 -7.542712 -0.001752 -0.000456 0.866090 -0.499885 541
1679927408.990114 -0.547353 0.575471 -7.542815 -0.001700 -0.000461 0.866085 -0.499894 542
1679927409.689450 -0.547122 0.575316 -7.543108 -0.001704 -0.000490 0.866084 -0.499895 543
1679927410.789704 -0.546807 0.575195 -7.543540 -0.001728 -0.000460 0.866095 -0.499877 544
1679927411.589956 -0.546640 0.575022 -7.543913 -0.001709 -0.000476 0.866118 -0.499836 545
1679927412.090220 -0.546544 0.574986 -7.543957 -0.001688 -0.000503 0.866124 -0.499826 546
1679927413.489100 -0.545865 0.574576 -7.544019 -0.001702 -0.000563 0.866150 -0.499781 547
1679927414.489575 -0.545033 0.573821 -7.543906 -0.001757 -0.000579 0.866154 -0.499774 548
1679927415.089458 -0.544792 0.573482 -7.543741 -0.001802 -0.000599 0.866180 -0.499729 549
1679927415.889825 -0.544689 0.573064 -7.543519 -0.001770 -0.000650 0.866178 -0.499731 550
1679927416.489579 -0.544783 0.572644 -7.543350 -0.001791 -0.000696 0.866199 -0.499695 551
1679927417.571457 -0.554018 0.555694 -7.703955 -0.000092 0.001172 -0.860811 0.508924 552
1679927418.171301 -0.526833 0.595511 -7.894111 -0.017840 -0.002190 -0.860795 0.508635 553
1679927419.370981 -0.548019 0.575115 -7.953654 0.008170 0.004021 0.868014 -0.496455 554
1679927420.771082 -0.548278 0.574846 -7.953330 0.008375 0.004166 0.868004 -0.496470 555
1679927421.271405 -0.548214 0.574859 -7.953249 0.008427 0.004207 0.868015 -0.496449 556
1679927421.771729 -0.548152 0.574868 -7.953149 0.008492 0.004254 0.868035 -0.496412 557
1679927422.272113 -0.548073 0.574891 -7.953085 0.008527 0.004290 0.868035 -0.496411 558
1679927423.071020 -0.547939 0.574926 -7.952951 0.008548 0.004349 0.868044 -0.496395 559
1679927423.670908 -0.547853 0.574919 -7.952854 0.008545 0.004376 0.868055 -0.496376 560
1679927424.272098 -0.547771 0.574898 -7.952755 0.008555 0.004409 0.868057 -0.496371 561
