timestamp x y z qx qy qz qw id
1679926247.482185 -0.071200 0.301257 -2.366194 0.014951 0.005170 0.882652 -0.469761 1
1679926248.082052 -0.071184 0.301236 -2.366072 0.014934 0.005217 0.882663 -0.469741 2
1679926248.782776 -0.071181 0.301275 -2.365929 0.014938 0.005254 0.882666 -0.469734 3
1679926250.181512 -0.071231 0.301397 -2.365667 0.014902 0.005279 0.882698 -0.469674 4
1679926250.882293 -0.071280 0.301433 -2.365555 0.014914 0.005262 0.882706 -0.469659 5
1679926251.581673 -0.071311 0.301473 -2.365403 0.014918 0.005255 0.882706 -0.469660 6
1679926252.282389 -0.071368 0.301510 -2.365272 0.014880 0.005274 0.882705 -0.469662 7
1679926252.981771 -0.071371 0.301503 -2.365157 0.014876 0.005261 0.882714 -0.469645 8
1679926253.581618 -0.071392 0.301513 -2.365031 0.014878 0.005257 0.882715 -0.469643 9
1679926255.182254 -0.071511 0.301602 -2.364726 0.014898 0.005296 0.882720 -0.469634 10
1679926255.882932 -0.071535 0.301638 -2.364623 0.014881 0.005281 0.882748 -0.469581 11
1679926256.582307 -0.071582 0.301718 -2.364512 0.014876 0.005367 0.882749 -0.469579 12
1679926257.982396 -0.071647 0.301878 -2.364309 0.014897 0.005376 0.882714 -0.469644 13
1679926258.681813 -0.071650 0.301939 -2.364192 0.014911 0.005353 0.882721 -0.469630 14
1679926259.281590 -0.071727 0.301968 -2.364109 0.014847 0.005410 0.882729 -0.469617 15
1679926260.683084 -0.071842 0.302092 -2.363840 0.014939 0.005328 0.882730 -0.469613 16
1679926261.482018 -0.071930 0.302163 -2.363705 0.014890 0.005337 0.882743 -0.469590 17
1679926262.182753 -0.071969 0.302240 -2.363612 0.014868 0.005265 0.882757 -0.469566 18
1679926262.782604 -0.072021 0.302235 -2.363530 0.014865 0.005237 0.882766 -0.469548 19
1679926263.481989 -0.072080 0.302275 -2.363456 0.014860 0.005192 0.882796 -0.469492 20
1679926264.182681 -0.072118 0.302265 -2.363312 0.014867 0.005195 0.882784 -0.469515 21
1679926264.882092 -0.072157 0.302282 -2.363203 0.014842 0.005243 0.882773 -0.469536 22
1679926266.282260 -0.072156 0.302264 -2.362962 0.014829 0.005166 0.882773 -0.469538 23
1679926267.082495 -0.118098 0.243027 -2.163880 0.003153 0.005008 0.880154 -0.474652 24
1679926267.682321 -0.091201 0.296284 -1.942078 0.001671 0.000983 0.877861 -0.478912 25
1679926269.082419 -0.517439 0.201072 -1.948651 -0.001044 0.000264 0.873458 -0.486899 26
1679926269.682277 -0.537924 0.179255 -1.948957 -0.001473 -0.000781 0.873740 -0.486391 27
1679926270.482490 -0.544025 0.170000 -1.947996 -0.001159 -0.002321 0.873758 -0.486354 28
1679926271.088605 -0.547793 0.164603 -1.947007 -0.001361 -0.002699 0.873770 -0.486331 29
1679926271.786757 -0.498984 0.029446 -1.947453 -0.004566 0.017799 -0.795405 0.605800 30
1679926272.390579 -0.459222 -0.295778 -1.948580 0.009846 -0.004698 -0.767090 0.641447 31
1679926273.890146 -1.433789 -1.101234 -1.962001 0.000473 -0.003915 0.905143 -0.425090 32
1679926274.588134 -1.710243 -1.410048 -1.963393 -0.001699 -0.005555 0.877625 -0.479314 33
1679926275.288826 -1.755437 -1.493335 -1.973341 -0.001186 -0.000201 0.877739 -0.479138 34
1679926275.988261 -1.765537 -1.510764 -1.974497 -0.001209 -0.000512 0.877994 -0.478669 35
1679926276.688923 -1.766474 -1.512550 -1.975402 -0.000967 -0.001014 0.877406 -0.479747 36
1679926277.388293 -1.871792 -1.771158 -1.989445 0.002321 0.001054 -0.857661 0.514210 37
1679926278.087717 -2.198415 -2.346561 -1.991574 0.004245 -0.004713 -0.865120 0.501524 38
1679926278.788377 -2.579356 -2.860156 -1.992338 -0.003910 0.000830 0.878068 -0.478520 39
1679926280.188521 -2.853394 -3.226985 -2.007561 0.001542 -0.003613 0.878048 -0.478556 40
1679926280.889168 -2.861713 -3.240276 -2.008999 -0.000011 -0.000500 0.877818 -0.478993 41
1679926281.888456 -2.896124 -3.306200 -2.012432 0.001246 -0.004239 0.871962 -0.489554 42
1679926282.788322 -3.284262 -3.963955 -2.024976 -0.018431 -0.001099 0.873098 -0.487196 43
1679926283.688272 -3.789502 -4.638431 -2.105740 -0.029552 -0.017230 0.883001 -0.468123 44
1679926284.188303 -3.927538 -4.864420 -2.125808 -0.030314 -0.023307 0.876543 -0.479802 45
1679926284.788159 -3.953642 -4.946258 -2.141100 -0.031128 -0.021020 0.877077 -0.478878 46
1679926285.987880 -3.966049 -4.975218 -2.144253 -0.033081 -0.018556 0.877032 -0.478933 47
1679926286.988522 -4.014766 -5.051627 -2.148811 -0.032740 -0.018816 0.876221 -0.480428 48
1679926287.987861 -4.516256 -5.795036 -2.231686 -0.033835 -0.023255 0.867174 -0.496310 49
1679926288.588992 -4.800825 -6.274209 -2.274813 -0.035736 -0.016810 0.871211 -0.489317 50
1679926290.188237 -5.071217 -6.711699 -2.330436 -0.032669 -0.019571 0.876472 -0.479944 51
1679926290.788087 -5.062202 -6.713791 -2.332466 -0.032871 -0.018448 0.876509 -0.479907 52
1679926292.188195 -5.314386 -7.111633 -2.367936 -0.034215 -0.012132 0.888159 -0.458100 53
1679926293.188808 -5.907209 -7.854022 -2.439718 -0.026394 0.014340 0.948635 -0.314943 54
1679926294.087352 -6.517737 -8.096958 -2.463981 -0.007680 -0.004715 0.963740 -0.266690 55
1679926294.789308 -6.529884 -8.128738 -2.473606 -0.002286 -0.001549 0.964234 -0.265037 56
1679926295.488776 -6.522444 -8.143235 -2.475817 -0.001820 0.000079 0.965456 -0.260561 57
1679926296.988352 -6.965953 -8.367779 -2.478058 0.000702 0.000289 0.964722 -0.263271 58
1679926298.288970 -8.037477 -9.007411 -2.488766 -0.003446 -0.001445 0.965631 -0.259889 59
1679926299.389103 -8.313152 -9.167596 -2.502117 -0.000546 -0.007890 0.965080 -0.261837 60
1679926299.988986 -8.308471 -9.185912 -2.505598 -0.002302 -0.002261 0.965139 -0.261718 61
1679926301.488629 -8.730252 -9.390782 -2.507869 -0.000381 0.000512 0.965791 -0.259323 62
1679926302.388438 -9.510855 -9.840028 -2.519215 -0.000053 0.001012 0.965818 -0.259217 63
1679926303.288218 -10.049941 -10.169293 -2.519512 -0.004036 -0.001646 0.959555 -0.281488 64
1679926304.288957 -10.087595 -10.214252 -2.533322 -0.000794 -0.001946 0.960862 -0.277019 65
1679926304.888789 -10.084396 -10.221219 -2.535083 -0.000553 -0.001000 0.961280 -0.275572 66
1679926305.889366 -10.356340 -10.566129 -2.535287 0.003164 -0.009510 0.919312 -0.393401 67
1679926307.387734 -11.249199 -11.605389 -2.556480 0.000220 -0.007506 0.893538 -0.448924 68
1679926308.489175 -11.369593 -11.805318 -2.572827 -0.000194 -0.004335 0.887608 -0.460579 69
1679926309.188668 -11.373719 -11.816901 -2.574464 -0.001187 -0.002256 0.887326 -0.461136 70
1679926309.988845 -11.373936 -11.818451 -2.574687 -0.001525 -0.002673 0.887104 -0.461560 71
1679926310.789141 -11.486932 -12.004265 -2.591244 0.000592 -0.004660 0.879849 -0.475230 72
1679926311.688941 -11.978163 -12.710566 -2.587338 -0.003880 -0.002345 0.882718 -0.469881 73
1679926312.988184 -12.482360 -13.421490 -2.599844 -0.000334 -0.004598 0.887162 -0.461435 74
1679926314.388189 -12.507284 -13.476029 -2.608584 -0.000723 -0.000789 0.886230 -0.463244 75
1679926315.289644 -12.508245 -13.475893 -2.608783 -0.001326 -0.001044 0.885958 -0.463762 76
1679926317.488367 -13.440021 -14.802732 -2.627662 -0.003256 -0.001429 0.889827 -0.456284 77
1679926317.988642 -13.606005 -15.022607 -2.625603 -0.001633 -0.005137 0.886845 -0.462035 78
1679926318.489052 -13.635789 -15.092222 -2.632819 0.000139 -0.002895 0.886503 -0.462714 79
1679926319.688684 -13.657826 -15.133440 -2.639557 -0.000410 -0.000709 0.886318 -0.463076 80
1679926320.189119 -13.658120 -15.134391 -2.639503 -0.000720 -0.000722 0.885903 -0.463869 81
1679926320.788985 -13.670071 -15.154094 -2.639948 -0.000228 -0.002841 0.886090 -0.463504 82
1679926321.889139 -14.090269 -15.860735 -2.646402 -0.004603 0.012012 -0.831170 0.555870 83
1679926322.490351 -14.385976 -16.325424 -2.655024 0.010910 -0.010321 -0.832393 0.553982 84
1679926323.088842 -14.697346 -16.662388 -2.658329 -0.004814 0.004770 0.895904 -0.444195 85
1679926324.190317 -14.832882 -16.809002 -2.670261 0.000612 -0.003555 0.886699 -0.462333 86
1679926325.388799 -14.840649 -16.826769 -2.672456 -0.001593 -0.000963 0.885967 -0.463744 87
1679926326.487582 -15.171588 -17.324125 -2.673492 -0.001127 -0.003195 0.929254 -0.369427 88
1679926328.188886 -15.975358 -18.395586 -2.683665 0.000329 -0.003513 0.885138 -0.465315 89
1679926329.088783 -15.996945 -18.454624 -2.697592 0.003573 -0.003947 0.887767 -0.460263 90
1679926330.089419 -15.998920 -18.468796 -2.700040 0.001971 -0.000474 0.886890 -0.461976 91
1679926330.689236 -16.003355 -18.475779 -2.700440 0.000959 -0.000708 0.886181 -0.463338 92
1679926331.599271 -16.325874 -18.948059 -2.702554 0.003190 -0.000428 0.885363 -0.464889 93
1679926332.499024 -16.840563 -19.645535 -2.708597 -0.001829 0.000196 0.885102 -0.465394 94
1679926332.999447 -17.064184 -19.944155 -2.710005 -0.001120 -0.001030 0.885090 -0.465417 95
1679926334.899713 -17.162497 -20.141758 -2.727929 0.001629 -0.000514 0.884657 -0.466239 96
1679926335.799523 -17.163181 -20.142101 -2.728435 0.001201 -0.000497 0.884138 -0.467224 97
1679926336.699320 -17.440788 -20.489498 -2.727511 0.001716 0.001253 0.884399 -0.466726 98
1679926337.499595 -17.891302 -21.133303 -2.741156 -0.001224 -0.001116 0.884257 -0.466997 99
1679926338.498889 -18.331469 -21.775064 -2.750815 -0.004943 -0.003057 0.883893 -0.467653 100
1679926339.499504 -18.336819 -21.817802 -2.762042 -0.000620 -0.002192 0.884583 -0.466378 101
1679926340.999174 -18.381447 -21.944271 -2.770542 0.007002 -0.009211 0.866732 -0.498640 102
1679926341.500904 -18.567951 -22.341930 -2.770243 0.000112 -0.001858 -0.865889 0.500232 103
1679926342.896997 -19.399538 -23.264479 -2.777302 0.000541 -0.009078 0.917092 -0.398571 104
1679926343.399949 -19.521324 -23.358591 -2.785536 -0.002753 0.000667 0.885419 -0.464784 105
1679926344.899744 -19.563040 -23.420341 -2.793519 0.001324 -0.000710 0.905692 -0.423934 106
1679926345.799339 -19.759247 -23.582335 -2.803943 0.000570 0.005646 0.919383 -0.393324 107
1679926347.198108 -20.646618 -24.490431 -2.807409 0.009606 -0.024389 0.879646 -0.474906 108
1679926348.696439 -20.811977 -24.988798 -2.826214 0.000789 -0.002866 0.890757 -0.454470 109
1679926349.199408 -20.791033 -24.993231 -2.829170 -0.001058 -0.000324 0.891567 -0.452888 110
1679926350.999138 -20.778645 -25.019323 -2.832074 -0.001900 -0.001212 0.891484 -0.453047 111
1679926351.499282 -20.887806 -25.204519 -2.843376 0.001138 -0.001521 0.880949 -0.473207 112
1679926353.300186 -21.902094 -26.451406 -2.864081 0.022980 0.000967 -0.863737 0.503417 113
1679926354.299586 -22.022894 -26.614136 -2.894517 -0.034528 -0.023105 0.883281 -0.467000 114
1679926354.899436 -22.033133 -26.632441 -2.896645 -0.037901 -0.020475 0.884762 -0.464047 115
1679926355.499292 -22.034084 -26.635500 -2.898450 -0.039794 -0.018477 0.888515 -0.456746 116
1679926356.799892 -22.103802 -26.942225 -2.919430 0.029217 0.035848 -0.817394 0.574220 117
1679926357.796409 -22.562014 -27.675709 -2.997477 -0.041543 -0.012134 0.894989 -0.443984 118
1679926358.501027 -22.954258 -28.055845 -3.044296 -0.038078 -0.015017 0.887444 -0.459095 119
1679926359.599856 -23.196890 -28.270166 -3.076262 -0.029627 -0.020319 0.894500 -0.445623 120
1679926360.199614 -23.191988 -28.280674 -3.079044 -0.030896 -0.017787 0.894117 -0.446412 121
1679926361.498717 -23.218699 -28.338560 -3.081767 -0.032072 -0.015029 0.895117 -0.444423 122
1679926362.699735 -23.703926 -29.181755 -3.158575 0.028382 0.028584 -0.845385 0.532637 123
1679926363.299526 -23.994637 -29.625433 -3.207059 0.043887 0.010081 -0.859504 0.509142 124
1679926364.499266 -24.308718 -29.954924 -3.257018 -0.034160 -0.024157 0.892869 -0.448368 125
1679926365.299408 -24.302481 -29.970055 -3.259367 -0.036433 -0.019188 0.891667 -0.450815 126
1679926366.598585 -24.452837 -30.234232 -3.276671 -0.030596 -0.008485 0.910643 -0.411972 127
1679926367.599112 -24.947510 -31.007822 -3.308937 0.000849 -0.000283 0.904540 -0.426388 128
1679926368.298511 -25.347887 -31.502264 -3.314319 0.000091 -0.004448 0.897044 -0.441919 129
1679926368.999043 -25.479782 -31.623777 -3.317165 0.000106 -0.004231 0.892076 -0.451866 130
1679926370.298396 -25.454441 -31.648405 -3.323377 -0.001121 -0.000555 0.897075 -0.441876 131
1679926371.199264 -25.488531 -31.683868 -3.322460 -0.004064 0.006458 0.895854 -0.444282 132
1679926372.197371 -26.069765 -32.217827 -3.325542 -0.002911 0.003546 0.922032 -0.387087 133
1679926373.399587 -26.690853 -33.082966 -3.343960 -0.002669 0.004329 0.878182 -0.478300 134
1679926374.698876 -26.743553 -33.318329 -3.357008 -0.002590 -0.003164 0.891851 -0.452311 135
1679926375.199080 -26.744856 -33.336540 -3.359388 -0.003143 -0.003051 0.891714 -0.452578 136
1679926375.898389 -26.743713 -33.340965 -3.360314 -0.003515 -0.002517 0.891622 -0.452760 137
1679926376.398697 -26.779955 -33.380177 -3.361290 -0.007982 0.006257 0.893865 -0.448221 138
1679926377.197682 -27.233919 -33.811447 -3.368682 -0.000201 -0.010744 0.902864 -0.429791 139
1679926377.699236 -27.507116 -34.199299 -3.365438 0.002812 -0.006064 0.887150 -0.461433 140
1679926378.897586 -27.938343 -35.001793 -3.374364 -0.000395 0.000315 0.892721 -0.450609 141
1679926379.398118 -27.946943 -35.034992 -3.385795 0.001477 -0.007926 0.890225 -0.455449 142
1679926380.098531 -27.931154 -35.053833 -3.390867 -0.001685 -0.001880 0.889845 -0.456257 143
1679926381.497320 -28.253479 -35.354366 -3.390408 -0.001130 0.000516 0.907811 -0.419377 144
1679926382.098470 -28.640457 -35.817375 -3.400501 -0.002377 -0.002747 0.903524 -0.428523 145
1679926382.799121 -29.031509 -36.331261 -3.411691 -0.005352 0.001483 0.907151 -0.420768 146
1679926383.396303 -29.240633 -36.581715 -3.416262 -0.003597 -0.004446 0.929002 -0.370030 147
1679926385.097614 -29.230530 -36.613617 -3.428909 -0.001473 -0.001217 0.925824 -0.377950 148
1679926386.597216 -29.793381 -37.092064 -3.429154 -0.001710 -0.001078 0.929277 -0.369377 149
1679926387.597815 -30.464579 -37.753448 -3.448151 -0.003469 -0.003687 0.923906 -0.382586 150
1679926388.797479 -30.701357 -38.027084 -3.459361 0.000822 -0.006390 0.925740 -0.378105 151
1679926389.897717 -30.695789 -38.044609 -3.462913 -0.000670 -0.003048 0.925997 -0.377517 152
1679926390.797401 -30.977736 -38.357708 -3.461458 0.000148 -0.002461 0.917107 -0.398633 153
1679926392.090688 -31.771734 -39.191650 -3.475680 -0.011834 0.017624 -0.818593 0.573981 154
1679926392.794015 -31.874983 -39.312466 -3.483194 0.000642 -0.002061 -0.761236 0.648471 155
1679926393.389837 -31.856544 -39.342983 -3.486636 -0.003551 0.003998 -0.790853 0.611982 156
1679926394.292275 -31.846094 -39.351730 -3.487308 -0.000207 0.000557 -0.792512 0.609856 157
1679926395.693687 -31.922255 -39.925236 -3.485869 0.003174 0.000672 -0.627786 0.778379 158
1679926397.292828 -31.949333 -39.992584 -3.494215 0.001759 0.001516 -0.667416 0.744682 159
1679926398.290817 -31.930717 -40.048496 -3.495894 -0.013429 0.014836 -0.654806 0.755532 160
1679926399.291391 -31.669098 -40.683167 -3.497585 -0.016529 0.011094 -0.440790 0.897390 161
1679926400.290660 -31.605196 -40.846504 -3.507068 -0.002440 0.000707 -0.443200 0.896419 162
1679926401.191935 -31.591606 -40.860672 -3.508231 -0.001777 0.001195 -0.447474 0.894294 163
1679926401.990816 -31.519951 -40.929825 -3.511589 -0.024389 0.009085 -0.410053 0.911690 164
1679926403.491675 -30.501617 -41.852852 -3.517455 -0.001119 0.000575 -0.336136 0.941813 165
1679926404.991205 -30.050028 -42.204964 -3.541917 -0.003640 0.002985 -0.314187 0.949349 166
1679926406.192220 -30.033176 -42.212822 -3.544366 0.000172 0.001632 -0.313209 0.949683 167
1679926407.091912 -29.976465 -42.246243 -3.547378 -0.009118 0.004713 -0.306053 0.951959 168
1679926408.391244 -29.060600 -42.789177 -3.555269 0.005725 0.001205 -0.246257 0.969187 169
1679926409.091933 -28.575901 -43.137783 -3.559643 0.004003 0.000064 -0.264446 0.964392 170
1679926409.791222 -28.380941 -43.243618 -3.569711 -0.003800 0.003406 -0.272122 0.962249 171
1679926410.392429 -28.338100 -43.263390 -3.576308 -0.001309 0.001936 -0.271950 0.962309 172
1679926411.691625 -28.330132 -43.267010 -3.577303 -0.000421 0.001898 -0.270492 0.962720 173
1679926412.392434 -28.322361 -43.272369 -3.577573 -0.000902 0.002922 -0.272192 0.962238 174
1679926413.791150 -27.713621 -43.694607 -3.405670 -0.063861 -0.222893 -0.263763 0.936306 175
1679926414.491977 -27.390423 -43.918926 -3.240484 -0.022852 -0.067866 -0.289865 0.954385 176
1679926415.792659 -27.285561 -43.971104 -3.220340 -0.041025 -0.149930 -0.250647 0.955518 177
1679926416.591538 -27.189573 -43.983280 -3.223031 -0.037482 -0.129046 -0.251786 0.958408 178
1679926417.191417 -27.169460 -43.990387 -3.221292 -0.036093 -0.123987 -0.252059 0.959057 179
1679926417.892122 -27.150970 -43.987690 -3.223602 -0.031417 -0.113127 -0.253173 0.960270 180
1679926418.591607 -27.155622 -43.981606 -3.222734 -0.003732 -0.008669 -0.256266 0.966560 181
1679926419.893565 -26.968407 -43.989315 -3.221098 -0.012485 0.001140 0.056920 0.998300 182
1679926420.593021 -26.886147 -44.016369 -3.220100 -0.001044 0.002668 0.084742 0.996399 183
1679926421.291109 -26.841896 -44.004215 -3.225195 -0.003261 0.000323 0.079785 0.996807 184
1679926423.191538 -26.553774 -43.834785 -3.227403 -0.021845 -0.004475 0.268767 0.962947 185
1679926423.191538 -26.553774 -43.834785 -3.227403 -0.021845 -0.004475 0.268767 0.962947 186
1679926424.589101 -25.820282 -43.637890 -3.235943 -0.002845 0.001396 0.128078 0.991759 187
1679926425.295164 -25.850895 -43.599754 -3.237617 -0.003035 -0.002447 0.416547 0.909106 188
1679926427.093478 -25.789900 -43.576141 -3.242449 0.000030 0.000221 0.348515 0.937303 189
1679926427.692124 -25.789078 -43.576916 -3.242806 -0.001658 -0.000458 0.353939 0.935267 190
1679926428.293167 -25.783739 -43.559395 -3.242809 -0.002201 0.000008 0.365048 0.930986 191
1679926428.890409 -25.699417 -43.372353 -3.240146 -0.015665 -0.008512 0.425269 0.904892 192
1679926429.593822 -25.504364 -42.805252 -3.244660 -0.012419 -0.005080 0.537567 0.843114 193
1679926430.893121 -25.030991 -41.835281 -3.263592 -0.003213 0.002289 0.604092 0.796905 194
1679926431.491615 -24.978058 -41.729103 -3.272615 -0.003648 0.002535 0.604492 0.796599 195
1679926432.092901 -24.974392 -41.700966 -3.277589 -0.005583 0.000788 0.603925 0.797021 196
1679926432.792248 -24.975372 -41.696266 -3.278763 -0.006452 0.000627 0.604903 0.796273 197
1679926434.192430 -24.844688 -41.403336 -3.284266 0.003200 0.007737 0.505988 0.862500 198
1679926434.792411 -24.649187 -40.882584 -3.288591 -0.005904 -0.001929 0.533841 0.845562 199
1679926435.493010 -24.385191 -40.283489 -3.291327 -0.000374 0.000405 0.534686 0.845051 200
1679926436.792277 -24.147804 -39.808468 -3.308971 -0.007153 -0.001247 0.563266 0.826244 201
1679926438.092915 -24.167509 -39.804710 -3.313983 -0.003310 0.001102 0.562493 0.826795 202
1679926438.092915 -24.167509 -39.804710 -3.313983 -0.003310 0.001102 0.562493 0.826795 203
1679926438.791053 -24.159264 -39.641724 -3.320404 -0.015990 -0.011677 0.623626 0.781472 204
1679926439.993323 -24.084013 -38.541439 -3.331172 -0.006107 -0.000559 0.686870 0.726754 205
1679926441.293988 -24.070730 -37.795990 -3.339671 -0.000470 0.002921 0.732799 0.680439 206
1679926441.992154 -24.077469 -37.765156 -3.345945 -0.001563 0.001177 0.731429 0.681914 207
1679926443.193150 -24.078730 -37.744831 -3.347274 -0.002049 0.001261 0.732625 0.680628 208
1679926443.792963 -24.048967 -37.425987 -3.354173 0.008270 0.010777 0.719485 0.694375 209
1679926444.392836 -23.995829 -36.869099 -3.356561 0.008324 0.008458 0.677966 0.734997 210
1679926445.692072 -23.778511 -35.809811 -3.371541 -0.004635 0.005774 0.586580 0.809857 211
1679926446.293267 -23.771814 -35.763741 -3.380260 -0.006373 -0.001188 0.594247 0.804256 212
1679926446.893144 -23.785328 -35.761581 -3.384536 -0.001924 -0.000087 0.595129 0.803628 213
1679926447.492990 -23.787697 -35.763409 -3.385410 -0.002969 -0.000574 0.595733 0.803177 214
1679926448.692649 -23.504513 -35.131252 -3.388390 0.000062 0.002502 0.569727 0.821830 215
1679926449.292501 -23.292973 -34.587822 -3.395748 0.002534 0.000290 0.563245 0.826286 216
1679926450.490892 -22.981516 -33.917023 -3.402701 -0.004599 0.003270 0.474887 0.880029 217
1679926451.093341 -22.997290 -33.903034 -3.411392 -0.003087 0.001957 0.483577 0.875294 218
1679926452.172763 -23.007816 -33.900452 -3.415091 -0.002009 0.001990 0.483595 0.875287 219
1679926453.372491 -22.687012 -33.494900 -3.415907 0.012092 0.007771 0.238631 0.971004 220
1679926454.576194 -22.636944 -33.367828 -3.420340 -0.006378 -0.001824 0.217161 0.976113 221
1679926455.272872 -22.612707 -33.334209 -3.420862 -0.003342 -0.001134 0.220239 0.975440 222
1679926455.773202 -22.598223 -33.323795 -3.421613 -0.001075 -0.000489 0.220778 0.975323 223
1679926456.473932 -22.579536 -33.298901 -3.423025 -0.008784 -0.002278 0.232088 0.972653 224
1679926457.976190 -22.464312 -33.057217 -3.422594 0.001778 -0.001170 0.552379 0.833590 225
1679926458.974225 -22.444946 -32.987373 -3.424903 -0.000850 -0.000668 0.525463 0.850816 226
1679926459.872617 -22.446077 -32.977844 -3.425128 -0.001528 -0.000432 0.524883 0.851173 227
1679926460.873383 -22.155704 -32.589451 -3.426598 0.002984 -0.000103 0.492823 0.870125 228
1679926461.373502 -21.884192 -32.161457 -3.437992 -0.002028 0.002314 0.487052 0.873368 229
1679926461.873978 -21.637096 -31.758078 -3.438337 -0.002183 0.003853 0.486124 0.873879 230
1679926462.374164 -21.452953 -31.418701 -3.447788 0.000201 0.003509 0.472014 0.881584 231
1679926462.972866 -21.347813 -31.263145 -3.449980 -0.002439 0.003250 0.465158 0.885218 232
1679926463.573858 -21.348270 -31.226301 -3.460876 -0.002661 0.001002 0.466407 0.884566 233
1679926464.973958 -21.283247 -31.110214 -3.469557 -0.000396 -0.000194 0.467868 0.883798 234
1679926466.173594 -20.646311 -30.191164 -3.481042 -0.005795 0.001900 0.474960 0.879986 235
1679926466.673995 -20.383091 -29.824663 -3.490253 -0.002751 0.007138 0.469546 0.882875 236
1679926467.673393 -20.206158 -29.548452 -3.499248 -0.005495 0.000042 0.467012 0.884234 237
1679926468.173733 -20.197119 -29.524427 -3.502392 -0.002881 0.001815 0.467173 0.884159 238
1679926469.273751 -20.195314 -29.518686 -3.504152 -0.002609 0.002164 0.468120 0.883658 239
1679926470.373975 -19.828564 -28.943483 -3.511037 0.000485 0.005227 0.472373 0.881383 240
1679926471.273720 -19.313574 -28.254124 -3.518297 0.000032 0.002517 0.460904 0.887446 241
1679926471.973010 -19.066364 -27.899626 -3.527972 -0.004199 0.001104 0.466143 0.884699 242
1679926473.472703 -19.031267 -27.823561 -3.541033 -0.002058 0.002019 0.466427 0.884555 243
1679926474.272923 -19.017420 -27.801817 -3.542233 -0.002401 0.002711 0.468269 0.883578 244
1679926477.073123 -17.908585 -26.193384 -3.568519 -0.002931 0.002681 0.467519 0.883974 245
1679926478.272781 -17.880367 -26.138081 -3.575589 -0.001508 0.001132 0.467079 0.884214 246
1679926478.773149 -17.879841 -26.137499 -3.575867 -0.001413 0.001318 0.468085 0.883681 247
1679926480.173154 -17.558163 -25.710724 -3.580997 0.000801 -0.001149 0.470642 0.882323 248
1679926480.773253 -17.225309 -25.208241 -3.580772 -0.000373 0.000577 0.471639 0.881791 249
1679926481.974025 -16.748577 -24.502260 -3.603021 -0.001779 0.005695 0.504368 0.863468 250
1679926482.773001 -16.756208 -24.483685 -3.611338 -0.003818 0.001698 0.502197 0.864743 251
1679926483.372996 -16.764936 -24.480433 -3.612994 -0.001794 0.002638 0.502178 0.864758 252
1679926484.772938 -16.700914 -24.219353 -3.624513 -0.014409 -0.007232 0.569934 0.821532 253
1679926485.974057 -16.350050 -23.163811 -3.625107 -0.000836 0.003698 0.593653 0.804713 254
1679926487.173855 -16.077267 -22.617348 -3.634363 0.000899 0.001802 0.632455 0.774595 255
1679926488.573835 -16.066864 -22.581192 -3.641670 -0.001459 0.000141 0.633462 0.773772 256
1679926489.573132 -15.937634 -22.238731 -3.644291 0.007848 0.006731 0.556512 0.830775 257
1679926490.673219 -15.523625 -21.270988 -3.653947 -0.001666 0.002879 0.523102 0.852263 258
1679926491.572961 -15.240441 -20.721725 -3.662451 -0.002647 0.003386 0.495731 0.868465 259
1679926493.073933 -15.260063 -20.690483 -3.677342 -0.001848 0.000313 0.496878 0.867818 260
1679926493.872897 -15.159407 -20.547123 -3.684395 0.005749 0.002534 0.486468 0.873676 261
1679926494.472837 -14.832761 -20.092211 -3.677989 -0.001070 0.002129 0.477626 0.878560 262
1679926495.574234 -14.291738 -19.248705 -3.697508 -0.002182 0.004415 0.463947 0.885850 263
1679926497.473419 -14.134763 -19.006371 -3.714236 -0.003460 0.003088 0.455903 0.890018 264
1679926498.073258 -14.135905 -19.005245 -3.714326 -0.003811 0.003411 0.455052 0.890450 265
1679926498.873375 -13.929599 -18.703886 -3.718525 -0.001794 0.005282 0.449295 0.893366 266
1679926499.872702 -13.312674 -17.944813 -3.732408 0.007502 0.007534 0.435890 0.899937 267
1679926500.475237 -13.018258 -17.569998 -3.727249 0.022517 0.013168 0.339440 0.940266 268
1679926501.974777 -12.892729 -17.403355 -3.746580 -0.001898 0.000494 0.307570 0.951524 269
1679926502.873325 -12.889369 -17.400084 -3.747751 -0.001528 0.000482 0.307240 0.951631 270
1679926503.774324 -12.786152 -17.359022 -3.748132 0.030534 0.005388 0.240706 0.970103 271
1679926504.372893 -12.402667 -17.265436 -3.750991 0.022017 0.004504 0.048783 0.998557 272
1679926505.575201 -12.268875 -17.203062 -3.753689 -0.001198 -0.000318 0.010557 0.999943 273
1679926506.273286 -12.244240 -17.195049 -3.755435 -0.004470 -0.000018 0.013523 0.999899 274
1679926507.673427 -12.200511 -17.193169 -3.756221 0.006852 -0.000126 0.030052 0.999525 275
1679926508.273242 -11.850453 -17.240482 -3.752786 0.016727 -0.002159 -0.054592 0.998366 276
1679926508.873049 -11.386628 -17.350687 -3.757819 0.013018 -0.000125 -0.205715 0.978525 277
1679926510.672657 -11.068177 -17.464851 -3.773492 -0.000564 0.001076 -0.255142 0.966903 278
1679926511.273823 -11.068717 -17.462704 -3.774356 0.000099 0.001040 -0.255143 0.966903 279
1679926512.375485 -10.857224 -17.611397 -3.780792 0.002509 0.001473 -0.273751 0.961796 280
1679926513.576521 -9.904551 -18.175364 -3.782318 0.001621 0.002736 -0.276288 0.961070 281
1679926515.376136 -9.323936 -18.427179 -3.798710 -0.000827 0.001447 -0.191961 0.981401 282
1679926515.975987 -9.311928 -18.417591 -3.800563 0.001030 0.000885 -0.179776 0.983707 283
1679926516.875779 -9.305769 -18.412975 -3.800385 -0.001071 0.001710 -0.183735 0.982974 284
1679926518.076722 -8.742402 -18.488501 -3.793853 -0.009726 0.004691 0.135454 0.990725 285
1679926518.973977 -8.622051 -18.488911 -3.809150 0.001008 0.002508 0.109829 0.993947 286
1679926519.576417 -8.607803 -18.491068 -3.809623 -0.000943 0.002519 0.106918 0.994264 287
1679926520.776133 -8.579303 -18.473619 -3.809338 -0.012950 0.001932 0.129317 0.991517 288
1679926521.476814 -8.415137 -18.369724 -3.811177 -0.010263 0.000135 0.376777 0.926247 289
1679926522.177494 -8.384732 -18.348589 -3.812904 -0.001084 0.000546 0.376285 0.926503 290
1679926523.277740 -8.391134 -18.344349 -3.812502 -0.002464 0.001084 0.363839 0.931458 291
1679926523.975734 -8.393562 -18.343140 -3.812901 -0.002676 0.001066 0.363518 0.931583 292
1679926524.875547 -8.371391 -18.167044 -3.814229 -0.016032 -0.007235 0.559455 0.828674 293
1679926525.378475 -8.273045 -17.823282 -3.817946 0.001719 0.007459 0.619034 0.785327 294
1679926526.673871 -7.744870 -16.861763 -3.832825 -0.014764 -0.003336 0.494256 0.869184 295
1679926527.577573 -7.646660 -16.425097 -3.840596 -0.008145 0.001561 0.591257 0.806440 296
1679926528.776014 -7.664782 -16.358532 -3.854622 -0.002281 0.000424 0.590664 0.806915 297
1679926529.375886 -7.667041 -16.353283 -3.855409 -0.001920 0.000692 0.590814 0.806805 298
1679926529.975687 -7.659423 -16.342375 -3.855471 0.001393 0.004677 0.589563 0.807708 299
1679926530.675155 -7.430155 -16.079771 -3.855078 -0.002219 0.000179 0.540355 0.841434 300
1679926532.278308 -7.160080 -14.949762 -3.871261 -0.004399 -0.003566 0.791725 0.610851 301
1679926533.476660 -7.170926 -14.825175 -3.881734 -0.003101 -0.001063 0.780694 0.624905 302
1679926534.376463 -7.178369 -14.819745 -3.883137 -0.003245 -0.001161 0.777808 0.628493 303
1679926535.276190 -7.322806 -14.496598 -3.889373 -0.016608 -0.020112 0.837684 0.545532 304
1679926535.876078 -7.481728 -14.071676 -3.887775 -0.008978 -0.014555 0.914240 0.404811 305
1679926537.074466 -7.562373 -13.898679 -3.896038 -0.003068 -0.003152 0.920882 0.389817 306
1679926538.176080 -7.577200 -13.898251 -3.897625 -0.001938 0.000086 0.920931 0.389721 307
1679926539.377117 -7.831092 -13.667580 -3.904559 -0.002792 0.003514 0.922923 0.384959 308
1679926540.175948 -8.358168 -13.134064 -3.906260 -0.005214 0.000763 0.907275 0.420504 309
1679926541.277704 -8.902843 -12.515648 -3.918450 0.000531 0.007484 0.829815 0.557988 310
1679926542.377660 -8.986785 -12.447468 -3.931385 -0.001972 -0.000774 0.836087 0.548593 311
1679926543.576077 -8.997802 -12.454485 -3.934005 0.000089 0.000176 0.835963 0.548785 312
1679926543.576077 -8.997802 -12.454485 -3.934005 0.000089 0.000176 0.835963 0.548785 313
1679926544.676201 -9.033566 -12.105866 -3.929497 0.019520 0.018083 0.719676 0.693800 314
1679926545.473854 -9.058770 -11.851140 -3.937138 -0.007785 -0.004309 0.624910 0.780646 315
1679926546.477154 -9.096233 -11.824029 -3.940344 -0.002439 0.000982 0.662654 0.748921 316
1679926548.575284 -8.797163 -11.219489 -3.942461 0.009911 0.009534 0.556067 0.831024 317
1679926549.674294 -8.573734 -10.733391 -3.951292 -0.003638 0.003452 0.396320 0.918099 318
1679926550.377513 -8.587716 -10.729172 -3.957389 -0.003514 0.000885 0.429415 0.903100 319
1679926551.076892 -8.591237 -10.731734 -3.958998 -0.002652 0.001010 0.430343 0.902661 320
1679926552.576621 -8.268861 -10.433501 -3.957670 0.003080 0.000801 0.410994 0.911633 321
1679926553.976684 -7.391624 -9.491305 -3.977416 -0.001751 0.002656 0.386942 0.922099 322
1679926554.776988 -7.190148 -9.306323 -3.985930 -0.001851 0.002771 0.386540 0.922267 323
1679926555.476431 -7.196452 -9.279297 -3.994084 -0.003248 0.001267 0.386618 0.922234 324
1679926556.276640 -7.201095 -9.274327 -3.995873 -0.001556 0.001651 0.385810 0.922576 325
1679926556.776842 -7.195081 -9.259998 -3.995979 -0.005570 0.001195 0.385744 0.922588 326
1679926558.776931 -6.338484 -7.904601 -4.013822 0.000291 0.000391 0.489206 0.872168 327
1679926559.876971 -6.137047 -7.607946 -4.010461 0.006963 -0.016148 0.494493 0.869003 328
1679926559.876971 -6.137047 -7.607946 -4.010461 0.006963 -0.016148 0.494493 0.869003 329
1679926561.277232 -6.126512 -7.578538 -4.014511 0.008915 -0.019433 0.497139 0.867407 330
1679926562.377259 -5.868567 -6.997444 -3.985331 0.015290 -0.026436 0.513612 0.857479 331
1679926563.976552 -5.157990 -6.007845 -3.902653 0.016344 -0.029208 0.532415 0.845822 332
1679926566.775251 -5.054589 -5.747724 -3.901836 0.006844 -0.037230 0.535231 0.843857 333
1679926570.475366 -4.023688 -4.088595 -3.787997 0.016448 -0.029685 0.497674 0.866700 334
1679926571.376300 -4.032463 -4.079764 -3.788973 0.015957 -0.029399 0.494310 0.868642 335
1679926571.876594 -3.993243 -3.999916 -3.789458 0.014714 -0.031061 0.494576 0.868455 336
1679926572.577355 -3.708329 -3.473925 -3.745640 0.014524 -0.021884 0.498421 0.866537 337
1679926573.582200 -3.189199 -2.683328 -3.741393 0.002926 -0.002856 0.496270 0.868158 338
1679926574.781853 -2.991554 -2.326378 -3.759418 -0.004867 0.000630 0.494263 0.869299 339
1679926576.382371 -2.979127 -2.296800 -3.763324 -0.002001 0.001448 0.494509 0.869169 340
1679926577.981411 -2.496586 -1.558811 -3.771137 -0.002208 0.000940 0.493527 0.869727 341
1679926578.481837 -2.235809 -1.126478 -3.784126 -0.004354 0.004496 0.495766 0.868434 342
1679926579.282227 -1.917141 -0.592969 -3.787047 -0.004180 0.006492 0.496561 0.867968 343
1679926580.082373 -1.896508 -0.536562 -3.797797 -0.005689 -0.001150 0.494366 0.869234 344
1679926580.882392 -1.911122 -0.531174 -3.801756 -0.002377 0.000424 0.494196 0.869347 345
1679926581.782216 -1.817669 -0.359778 -3.815884 -0.000922 -0.000552 0.496531 0.868018 346
1679926583.381325 -1.019253 0.908722 -3.822105 -0.003406 0.004981 0.498822 0.866683 347
1679926584.181712 -0.879101 1.171036 -3.826038 -0.004111 0.002421 0.495344 0.868684 348
1679926585.382614 -0.853501 1.238264 -3.833667 -0.001158 -0.000904 0.495407 0.868660 349
1679926587.081366 -0.764382 1.381200 -3.843005 0.001310 -0.000413 0.501216 0.865321 350
1679926588.282263 -0.177316 2.370584 -3.854809 0.000257 0.002465 0.505459 0.862847 351
1679926590.282166 0.141643 3.012894 -3.868115 -0.002635 0.001775 0.496760 0.867882 352
1679926591.681028 0.168452 3.080592 -3.870891 -0.000882 0.002474 0.495478 0.868617 353
1679926592.781145 0.676261 3.902247 -3.881655 -0.002363 0.003468 0.495351 0.868683 354
1679926593.382368 0.976893 4.369057 -3.883647 0.000507 0.001566 0.496800 0.867864 355
1679926593.982164 1.150937 4.677265 -3.884193 -0.005495 -0.000758 0.495052 0.868845 356
1679926595.181839 1.181546 4.778008 -3.897914 -0.001925 0.001192 0.496932 0.867787 357
1679926596.281985 1.183967 4.780524 -3.898888 -0.002015 0.001356 0.497761 0.867311 358
1679926596.881824 1.216782 4.834629 -3.900065 -0.001058 0.001742 0.498261 0.867024 359
1679926597.481659 1.465147 5.190330 -3.903048 0.000686 -0.001229 0.499011 0.866594 360
1679926598.081554 1.771359 5.709084 -3.905589 0.000029 0.001993 0.499745 0.866171 361
1679926599.281300 2.188924 6.493331 -3.919837 -0.002241 0.004119 0.495739 0.868459 362
1679926600.581810 2.185402 6.546890 -3.932724 -0.001069 -0.000146 0.495947 0.868352 363
1679926601.782801 2.322707 6.680296 -3.939220 0.013894 0.006242 0.446318 0.894745 364
1679926602.381301 2.719571 7.062936 -3.932585 0.002815 0.002806 0.412990 0.910727 365
1679926602.982470 3.119216 7.490639 -3.949240 0.002011 0.004456 0.401210 0.915973 366
1679926603.681981 3.505858 7.903197 -3.954556 0.014779 0.009000 0.285756 0.958146 367
1679926604.883150 3.577859 7.992174 -3.966133 -0.002956 0.004295 0.289243 0.957242 368
1679926605.681877 3.574755 7.995710 -3.967806 -0.002398 0.003600 0.288583 0.957445 369
1679926606.381396 3.642871 8.044690 -3.969888 -0.003290 0.003506 0.292254 0.956329 370
1679926607.580940 4.571904 8.688610 -3.978084 -0.001153 0.003558 0.304701 0.952441 371
1679926608.381171 5.102787 9.032046 -3.990472 0.000065 0.005138 0.287286 0.957831 372
1679926608.881480 5.161162 9.095346 -4.000202 -0.001860 0.005964 0.290901 0.956733 373
1679926610.381057 5.207339 9.147643 -4.006578 -0.002020 0.004344 0.289908 0.957043 374
1679926611.882058 5.875094 9.555837 -4.009795 -0.000385 0.002783 0.288615 0.957441 375
1679926613.481268 6.953756 10.254672 -4.031325 0.001574 0.004214 0.291499 0.956561 376
1679926614.581322 6.954040 10.290390 -4.043458 -0.001631 0.001845 0.291151 0.956674 377
1679926616.581326 7.644515 10.709618 -4.044416 0.000556 0.001156 0.288192 0.957572 378
1679926617.581943 8.404704 11.232007 -4.057449 -0.003384 0.002212 0.288520 0.957465 379
1679926618.682074 8.662122 11.409217 -4.070618 -0.007290 -0.001485 0.291318 0.956597 380
1679926619.381505 8.659868 11.430988 -4.073829 -0.000866 -0.000305 0.291828 0.956470 381
1679926620.181783 8.675974 11.446392 -4.073986 -0.002146 0.000161 0.289977 0.957031 382
1679926620.781674 8.963265 11.648903 -4.074223 -0.001707 -0.000125 0.291216 0.956656 383
1679926621.681333 9.697549 12.111893 -4.083323 0.000220 0.000808 0.291077 0.956699 384
1679926622.181711 10.085118 12.351188 -4.092839 -0.002351 0.004884 0.291402 0.956585 385
1679926622.681956 10.291170 12.488858 -4.092007 -0.003354 0.003694 0.289426 0.957187 386
1679926623.581763 10.359790 12.557760 -4.104610 -0.001607 0.000013 0.289883 0.957061 387
1679926624.581136 10.368089 12.565744 -4.106337 0.000155 0.000289 0.291420 0.956595 388
1679926625.682539 10.844976 12.939710 -4.114459 -0.002971 0.000410 0.317570 0.948230 389
1679926627.281787 11.919009 13.745880 -4.127190 -0.005663 0.003299 0.328959 0.944321 390
1679926628.781350 11.988244 13.826117 -4.143002 -0.001268 0.000666 0.330149 0.943928 391
1679926629.881637 12.057867 13.881880 -4.145149 0.000038 0.000204 0.333764 0.942657 392
1679926630.582205 12.513695 14.220025 -4.148091 0.001359 0.003057 0.327762 0.944754 393
1679926631.182090 12.927252 14.528790 -4.156860 0.003623 0.003593 0.292764 0.956171 394
1679926631.881445 13.383862 14.849277 -4.159177 -0.007617 -0.000359 0.299911 0.953937 395
1679926632.870873 13.607914 15.040863 -4.173573 -0.001454 0.002400 0.343981 0.938973 396
1679926634.170091 13.625364 15.077617 -4.178310 -0.000793 0.000681 0.343362 0.939203 397
1679926635.570171 13.918473 15.455290 -4.180861 -0.010804 -0.004822 0.426823 0.904258 398
1679926637.069746 14.716578 16.539141 -4.195609 -0.001936 0.001350 0.472106 0.881539 399
1679926638.169957 14.812262 16.726791 -4.211668 -0.003151 0.001194 0.476872 0.878966 400
1679926638.870653 14.817416 16.739061 -4.212928 -0.001440 0.001739 0.477547 0.878603 401
1679926639.870087 14.818155 16.740749 -4.212842 -0.001878 0.002125 0.478126 0.878287 402
1679926640.670394 14.926904 16.887529 -4.221389 -0.000110 0.003532 0.475672 0.879615 403
1679926641.770391 15.283298 17.450836 -4.220575 -0.002632 -0.000618 0.466066 0.884746 404
1679926642.870658 15.579981 17.983101 -4.130077 0.061515 -0.109107 0.501059 0.856301 405
1679926643.970712 15.636148 18.016953 -4.142384 0.075468 -0.125249 0.500468 0.853316 406
1679926644.970093 15.641749 18.050411 -4.143250 0.074849 -0.129215 0.499915 0.853104 407
1679926646.070266 15.643836 18.058823 -4.142717 0.075146 -0.130002 0.489202 0.859147 408
1679926646.771010 15.749272 18.272326 -4.071924 0.107343 -0.194737 0.486206 0.845079 409
1679926647.569877 15.964030 18.699005 -3.885271 0.025662 -0.049501 0.514913 0.855427 410
1679926648.770979 16.336143 19.337183 -3.881091 0.000272 0.005007 0.499289 0.866421 411
1679926650.070107 16.551102 19.779318 -3.895151 -0.003322 0.002088 0.503746 0.863843 412
1679926650.669956 16.556324 19.831913 -3.904906 -0.003029 0.001873 0.504332 0.863503 413
1679926651.770172 16.541109 19.855228 -3.909247 -0.001529 0.001084 0.503696 0.863879 414
1679926652.570434 16.537615 19.860287 -3.909716 -0.000524 0.001873 0.502577 0.864530 415
1679926653.470236 16.659603 20.215296 -3.907416 -0.009814 -0.004481 0.593122 0.805041 416
1679926654.169542 16.946611 20.710175 -3.914889 -0.008450 -0.001344 0.648878 0.760844 417
1679926654.973866 17.106955 20.907532 -3.919914 -0.000846 0.003897 0.735473 0.677542 418
1679926656.170859 17.118471 20.952066 -3.924518 -0.003631 0.000702 0.717291 0.696764 419
1679926657.470064 17.116587 20.954922 -3.924371 -0.004501 -0.000071 0.716755 0.697310 420
1679926657.970454 17.068117 20.961592 -3.923894 -0.000949 0.004425 0.674549 0.738217 421
1679926658.668468 16.973206 21.014288 -3.927501 -0.003974 -0.005512 0.796810 0.604191 422
1679926659.970363 16.808136 21.029268 -3.917212 0.001281 -0.000758 0.986920 0.161205 423
1679926660.770643 16.829388 21.006731 -3.919814 0.002293 -0.002456 0.991752 -0.128128 424
1679926661.272339 16.813046 21.032352 -3.921837 0.001065 0.000932 0.990033 -0.140830 425
1679926662.068776 16.810354 21.049255 -3.919782 0.000327 0.001406 0.995150 -0.098355 426
1679926663.070568 16.801504 21.052464 -3.920245 0.000387 -0.002086 0.995436 -0.095404 427
1679926663.769917 16.547945 20.927029 -3.926395 0.001996 -0.015656 0.986678 -0.161919 428
1679926665.169954 15.344237 20.424917 -3.939217 0.000767 -0.013166 0.974435 -0.224282 429
1679926665.872025 14.996471 20.254433 -3.946193 -0.001292 0.002523 0.918221 -0.396058 430
1679926666.668281 14.957049 20.233540 -3.952592 -0.000334 -0.000544 0.938502 -0.345272 431
1679926667.371692 14.954217 20.231188 -3.954207 -0.000372 0.000259 0.939062 -0.343748 432
1679926668.071043 14.938121 20.211382 -3.955618 0.000920 -0.004192 0.938613 -0.344945 433
1679926669.070515 14.466698 19.657949 -3.954846 0.000594 -0.002615 0.913539 -0.406742 434
1679926669.769783 14.062825 19.110209 -3.998035 -0.024069 -0.025132 0.890765 -0.453129 435
1679926670.871242 13.740981 18.544104 -4.068966 -0.040401 -0.020185 0.875871 -0.480428 436
1679926671.570617 13.727683 18.540100 -4.075005 -0.038012 -0.020001 0.876554 -0.479383 437
1679926672.270210 13.727010 18.542965 -4.076755 -0.036762 -0.021314 0.875601 -0.481163 438
1679926673.671443 13.379595 17.932673 -4.138641 0.039356 0.022343 -0.863973 0.501501 439
1679926674.470394 12.957711 17.286114 -4.212250 0.040296 0.018558 -0.863820 0.501843 440
1679926676.170480 12.630610 16.794806 -4.278479 -0.035070 -0.021114 0.874013 -0.484176 441
1679926676.869725 12.628679 16.786804 -4.279707 -0.035134 -0.020914 0.873655 -0.484824 442
1679926678.770184 12.203820 15.888164 -4.371020 0.036001 0.015950 -0.862357 0.504766 443
1679926680.170598 11.609191 15.101040 -4.410049 -0.005632 -0.003783 0.907400 -0.420214 444
1679926681.669877 11.577027 15.022568 -4.416503 -0.000776 -0.000709 0.905743 -0.423827 445
1679926682.770135 11.241266 14.817953 -4.419137 -0.005443 0.025968 0.972969 -0.229407 446
1679926683.567657 11.042783 14.701674 -4.422473 -0.002887 -0.002475 0.997366 -0.072430 447
1679926684.272459 11.044196 14.668352 -4.425553 -0.001312 -0.005021 0.991831 -0.127452 448
1679926685.371225 11.002670 14.633657 -4.425220 -0.002398 -0.001949 0.991490 -0.130145 449
1679926685.971094 10.999126 14.632716 -4.425181 -0.003114 -0.000675 0.991609 -0.129231 450
1679926686.572372 10.904756 14.623615 -4.425489 -0.002949 0.029903 0.996587 -0.076893 451
1679926687.170776 10.499866 14.637707 -4.429052 0.001132 0.029835 0.992615 0.117577 452
1679926688.272309 10.395878 14.662560 -4.429277 -0.002760 -0.002238 0.987330 0.158639 453
1679926688.871005 10.321348 14.631738 -4.430401 -0.005131 -0.004596 0.988169 0.153214 454
1679926689.470616 10.314700 14.618451 -4.430385 -0.002131 -0.000761 0.988088 0.153872 455
1679926690.670338 10.300582 14.605064 -4.433307 -0.002221 0.001768 0.989728 0.142932 456
1679926691.270279 10.238036 14.626026 -4.434097 -0.001451 0.003282 0.989079 0.147345 457
1679926691.870111 9.816212 14.768388 -4.432311 -0.000507 0.002429 0.986186 0.165624 458
1679926693.075419 8.762261 15.209915 -4.451632 -0.005100 0.002690 0.984440 0.175629 459
1679926693.673973 8.504300 15.289553 -4.454495 -0.005230 -0.004735 0.981483 0.191422 460
1679926694.174512 8.446270 15.294130 -4.461313 -0.002681 -0.002486 0.982056 0.188552 461
1679926694.674777 8.422637 15.297661 -4.464154 -0.002165 -0.001702 0.982102 0.188330 462
1679926695.874361 8.417059 15.297781 -4.465755 -0.001717 0.000307 0.982103 0.188335 463
1679926696.474174 8.356807 15.308921 -4.467824 -0.006717 -0.018814 0.985995 0.165574 464
1679926697.174955 7.884972 15.367517 -4.471839 -0.004151 -0.029417 0.999133 -0.029173 465
1679926698.273919 7.640792 15.392054 -4.475180 0.001414 -0.000410 0.994468 -0.105026 466
1679926698.875030 7.607440 15.390705 -4.475989 -0.000689 0.000625 0.995099 -0.098883 467
1679926699.474859 7.600147 15.389662 -4.476257 -0.001130 -0.000176 0.995128 -0.098587 468
1679926700.574987 7.581356 15.383673 -4.477078 -0.001829 -0.005287 0.994798 -0.101712 469
1679926701.173559 7.301970 15.259362 -4.482839 0.003265 -0.030357 0.971755 -0.234010 470
1679926702.375790 6.966619 15.102847 -4.479453 0.002783 -0.003597 0.918133 -0.396246 471
1679926703.476197 6.921464 15.074429 -4.483887 -0.000167 -0.000274 0.921741 -0.387806 472
1679926704.674335 6.913679 15.060351 -4.484269 0.000048 -0.004717 0.920956 -0.389638 473
1679926705.375144 6.746739 14.738703 -4.485637 0.008097 -0.018417 0.874085 -0.485356 474
1679926705.974932 6.545550 14.389925 -4.486358 -0.001460 0.008300 -0.762903 0.646459 475
1679926707.173325 6.480392 14.264821 -4.496599 -0.000187 0.004354 -0.785963 0.618258 476
1679926707.674954 6.482388 14.256417 -4.497102 0.001291 0.003609 -0.786271 0.617870 477
1679926708.274775 6.484132 14.254359 -4.497639 0.002477 0.002034 -0.786292 0.617847 478
1679926708.874674 6.482487 14.234014 -4.497747 0.002178 0.003801 -0.786704 0.617314 479
1679926710.075732 6.345010 13.323036 -4.515301 0.001938 0.001032 -0.754511 0.656284 480
1679926711.174641 6.200523 12.405397 -4.518499 0.000839 0.006637 -0.742954 0.669309 481
1679926712.374326 6.215582 12.248587 -4.533930 -0.001264 0.001260 -0.742458 0.669890 482
1679926712.874794 6.218620 12.241243 -4.534964 -0.000085 -0.000135 -0.742290 0.670078 483
1679926714.475048 6.090625 11.561239 -4.539088 0.004876 -0.002614 -0.756185 0.654335 484
1679926714.975360 6.013257 11.093069 -4.541229 0.008190 -0.006891 -0.767278 0.641225 485
1679926715.475806 5.939566 10.635785 -4.551365 0.010398 -0.010434 -0.795459 0.605829 486
1679926716.675397 5.849698 10.280755 -4.563969 -0.001009 -0.005706 0.867184 -0.497954 487
1679926717.175821 5.866009 10.269689 -4.567398 0.000656 0.002262 -0.865427 0.501029 488
1679926717.875134 5.870722 10.268209 -4.568503 0.000489 0.001982 -0.865436 0.501015 489
1679926719.074824 5.565731 9.705976 -4.575066 -0.002168 -0.000751 0.869513 -0.493904 490
1679926719.775537 5.202606 9.132925 -4.582864 -0.000480 -0.001216 0.877874 -0.478890 491
1679926720.475030 4.899741 8.689037 -4.579234 -0.001884 0.004270 0.899444 -0.437010 492
1679926721.174264 4.838410 8.571366 -4.590032 0.003056 -0.004406 0.900546 -0.434729 493
1679926721.775481 4.832083 8.539864 -4.593818 0.001384 -0.001132 0.899997 -0.435892 494
1679926722.574354 4.831996 8.534756 -4.594865 0.000962 -0.001056 0.899581 -0.436751 495
1679926723.174287 4.832022 8.534130 -4.594712 0.000778 -0.001619 0.899502 -0.436912 496
1679926724.474795 4.339181 8.060637 -4.598909 -0.002462 -0.000285 0.914614 -0.404320 497
1679926725.874883 3.529568 7.145335 -4.608670 -0.003019 -0.002695 0.914677 -0.404165 498
1679926726.574350 3.437780 7.049029 -4.616951 -0.001749 -0.002970 0.915178 -0.403036 499
1679926727.974484 3.439576 7.021986 -4.622418 -0.002150 -0.003929 0.915467 -0.402368 500
1679926728.675053 3.266205 6.820846 -4.636129 -0.002638 -0.003065 0.916019 -0.401116 501
1679926729.974287 2.401192 5.936112 -4.635421 -0.002044 -0.000200 0.916570 -0.399869 502
1679926731.375675 2.075676 5.554563 -4.654736 -0.000265 -0.002238 0.916228 -0.400652 503
1679926731.974293 2.066498 5.545771 -4.656532 0.000519 -0.001380 0.916099 -0.400950 504
1679926732.675044 2.058853 5.538150 -4.657808 -0.000561 -0.000648 0.914871 -0.403746 505
1679926733.374316 1.822233 5.238075 -4.658691 0.000658 -0.001863 0.909221 -0.416309 506
1679926734.075014 1.355352 4.730449 -4.669854 -0.004760 -0.002134 0.910393 -0.413713 507
1679926734.773098 0.901228 4.264844 -4.680888 0.003026 -0.020576 0.894741 -0.446100 508
1679926736.073690 0.724839 4.023561 -4.690417 0.002660 0.001293 -0.861882 0.507100 509
1679926737.375477 0.720377 4.014369 -4.692621 0.002246 0.002468 -0.861157 0.508328 510
1679926738.374937 0.441786 3.483152 -4.702549 0.001468 0.002016 -0.856153 0.516717 511
1679926739.175118 0.052636 2.800825 -4.711555 0.003752 0.002210 -0.855027 0.518564 512
1679926742.074716 -0.248742 2.180009 -4.729784 -0.000712 0.000173 -0.858229 0.513267 513
1679926742.875023 -0.302165 2.076584 -4.736747 -0.002121 0.000499 -0.854804 0.518946 514
1679926743.375380 -0.493508 1.686436 -4.734245 -0.001925 0.000164 -0.851401 0.524512 515
1679926744.774078 -0.936927 0.788312 -4.747304 0.004696 0.002169 -0.855983 0.516978 516
1679926745.274413 -0.950159 0.768233 -4.752379 0.000224 0.001578 -0.856399 0.516312 517
1679926746.174263 -0.949584 0.752493 -4.755702 -0.000339 0.003140 -0.856441 0.516236 518
1679926746.775370 -0.948369 0.751028 -4.756306 0.000489 0.001228 -0.856433 0.516257 519
1679926748.074679 -0.947591 0.749417 -4.756725 0.001773 -0.000360 -0.863024 0.505159 520
1679926749.075283 -0.947909 0.749644 -4.756664 -0.000177 -0.003034 0.867635 -0.497193 521
1679926750.475449 -0.946786 0.749814 -4.755834 0.002035 0.001113 -0.863024 0.505157 522
1679926752.074655 -0.946029 0.750292 -4.754589 0.001957 0.001209 -0.862981 0.505232 523
1679926752.574909 -0.945980 0.750243 -4.754468 0.001971 0.001240 -0.862980 0.505232 524
1679926753.378511 -0.946211 0.750030 -4.754656 0.001962 0.001256 -0.862954 0.505277 525
1679926753.978349 -0.946340 0.749855 -4.754787 0.001960 0.001279 -0.862917 0.505341 526
1679926755.277613 -0.945826 0.749072 -4.754907 0.001896 0.001362 -0.862870 0.505420 527
1679926756.978901 -0.944379 0.748911 -4.754767 0.001838 0.001368 -0.862810 0.505524 528
1679926757.878716 -0.943635 0.748692 -4.754911 0.001848 0.001396 -0.862794 0.505551 529
1679926759.177960 -0.942602 0.747916 -4.755284 0.001844 0.001397 -0.862797 0.505546 530
1679926760.778498 -0.941322 0.747160 -4.756080 0.001805 0.001408 -0.862749 0.505628 531
1679926761.978190 -0.940524 0.747223 -4.756177 0.001736 0.001391 -0.862689 0.505729 532
1679926762.677678 -0.939990 0.747447 -4.756180 0.001734 0.001360 -0.862680 0.505745 533
1679926763.878584 -0.939358 0.748180 -4.755748 0.001718 0.001289 -0.862680 0.505746 534
1679926764.478402 -0.939140 0.748856 -4.755489 0.001713 0.001300 -0.862648 0.505800 535
1679926765.578683 -0.939361 0.749872 -4.755166 0.001808 0.001317 -0.862604 0.505875 536
1679926766.178462 -0.939787 0.749970 -4.755081 0.001788 0.001301 -0.862615 0.505856 537
1679926766.678802 -0.949520 0.733090 -4.844305 -0.000103 0.001066 -0.855068 0.518514 538
1679926767.878502 -0.930058 0.766771 -5.147978 -0.002253 0.002209 -0.858325 0.513097 539
1679926769.578637 -0.944301 0.753574 -5.168965 -0.008372 -0.004095 -0.861450 0.507757 540
1679926770.178376 -0.944273 0.753523 -5.168831 -0.008438 -0.004155 -0.861417 0.507812 541
1679926770.778201 -0.944221 0.753532 -5.168742 -0.008500 -0.004254 -0.861393 0.507850 542
1679926771.278625 -0.944191 0.753507 -5.168647 -0.008527 -0.004246 -0.861362 0.507903 543
1679926771.878458 -0.944138 0.753491 -5.168519 -0.008532 -0.004269 -0.861337 0.507945 544
1679926772.478333 -0.944074 0.753438 -5.168388 -0.008579 -0.004292 -0.861304 0.507999 545
1679926773.578541 -0.943958 0.753394 -5.168139 -0.008575 -0.004338 -0.861228 0.508127 546
1679926774.678588 -0.944005 0.753276 -5.167911 -0.008545 -0.004481 -0.861206 0.508165 547
1679926775.778754 -0.944295 0.753167 -5.165860 -0.012079 -0.010668 -0.861873 0.506869 548
1679926776.378603 -0.944268 0.753126 -5.165719 -0.012059 -0.010753 -0.861836 0.506929 549
1679926776.978538 -0.944250 0.753091 -5.165599 -0.012084 -0.010756 -0.861801 0.506988 550
