timestamp x y z qx qy qz qw id
1679925501.362876 -0.600277 0.287595 0.419134 0.027494 0.015194 -0.855195 0.517353 1
1679925502.763048 -0.600359 0.287441 0.419415 0.027449 0.015140 -0.855239 0.517285 2
1679925504.161702 -0.600461 0.287334 0.419653 0.027516 0.015104 -0.855255 0.517256 3
1679925505.363057 -0.600580 0.287243 0.419895 0.027460 0.015086 -0.855259 0.517253 4
1679925507.062951 -0.600693 0.287201 0.420206 0.027387 0.015040 -0.855276 0.517229 5
1679925508.562598 -0.600715 0.287229 0.420479 0.027351 0.015069 -0.855323 0.517153 6
1679925510.362248 -0.600760 0.287221 0.420817 0.027361 0.015036 -0.855358 0.517096 7
1679925511.863362 -0.600790 0.287142 0.421104 0.027354 0.015049 -0.855336 0.517132 8
1679925513.063062 -0.600834 0.287063 0.421318 0.027307 0.015095 -0.855324 0.517153 9
1679925514.262819 -0.600800 0.286980 0.421648 0.027058 0.014838 -0.855258 0.517282 10
1679925515.363017 -0.600720 0.286992 0.421850 0.027015 0.014840 -0.855226 0.517338 11
1679925516.562809 -0.600622 0.286990 0.422108 0.026916 0.014900 -0.855243 0.517313 12
1679925518.463235 -0.648434 0.229545 0.736107 0.000355 0.001468 -0.853743 0.520692 13
1679925520.062521 -1.049432 -0.355307 0.801067 -0.007753 0.011543 0.896266 -0.443299 14
1679925521.664340 -1.746338 -1.464397 0.798000 0.004626 0.005630 -0.837907 0.545765 15
1679925522.963531 -1.774577 -1.570668 0.784625 -0.000616 -0.001150 0.869176 -0.494501 16
1679925524.463288 -1.928933 -1.788101 0.782787 -0.008112 0.012869 0.929357 -0.368869 17
1679925525.665648 -2.354302 -2.486414 0.777655 0.003187 -0.009143 0.893395 -0.449167 18
1679925526.862671 -2.808302 -3.225713 0.763299 0.000360 -0.002987 0.868311 -0.496011 19
1679925528.463339 -2.847577 -3.312859 0.756678 -0.000722 0.000592 0.869521 -0.493895 20
1679925530.463198 -3.303180 -4.164676 0.726884 -0.018690 -0.007009 0.878254 -0.477777 21
1679925532.363667 -3.910921 -5.085642 0.626794 -0.029535 -0.024984 0.868380 -0.494388 22
1679925534.262778 -3.970101 -5.252609 0.603020 -0.031083 -0.019291 0.867383 -0.496295 23
1679925535.463959 -4.556108 -6.235189 0.508585 0.030870 0.026650 -0.860165 0.508383 24
1679925535.463959 -4.556108 -6.235189 0.508585 0.030870 0.026650 -0.860165 0.508383 25
1679925537.163902 -4.920575 -6.849585 0.440255 -0.031668 -0.019518 0.869614 -0.492329 26
1679925538.463218 -4.926611 -6.863281 0.438556 -0.032441 -0.018950 0.868554 -0.494168 27
1679925540.363635 -5.455008 -7.750078 0.348201 -0.043043 0.002081 0.903152 -0.427153 28
1679925541.662866 -6.234883 -8.319458 0.302443 -0.006100 -0.007303 0.959874 -0.280272 29
1679925542.763075 -6.318949 -8.387706 0.294211 -0.000326 -0.000947 0.959723 -0.280946 30
1679925544.663515 -6.567866 -8.551716 0.278222 -0.002337 0.000998 0.961027 -0.276444 31
1679925545.263350 -7.050925 -8.830473 0.284370 -0.001347 0.000380 0.961893 -0.273422 32
1679925546.463138 -7.970166 -9.381034 0.275078 -0.000321 -0.003518 0.960438 -0.278471 33
1679925547.648691 -8.087194 -9.480760 0.260419 -0.001968 -0.003382 0.959971 -0.280071 34
1679925548.249879 -8.089276 -9.485302 0.259012 -0.002689 -0.000203 0.959941 -0.280190 35
1679925549.549131 -8.500387 -9.707144 0.255835 -0.000817 0.000846 0.960083 -0.279712 36
1679925550.748886 -9.471212 -10.323861 0.246922 -0.000551 -0.002111 0.959970 -0.280096 37
1679925551.350118 -9.789619 -10.538697 0.240437 -0.004886 -0.001885 0.954687 -0.297564 38
1679925551.950024 -9.830613 -10.567311 0.230704 0.000673 -0.007064 0.955842 -0.293796 39
1679925553.149853 -9.823666 -10.593625 0.226250 -0.000893 -0.000062 0.956010 -0.293333 40
1679925554.750328 -10.323559 -11.263481 0.216520 -0.000614 -0.005145 0.899306 -0.437290 41
1679925555.950152 -10.972468 -12.096784 0.202059 0.000835 -0.008522 0.881891 -0.471376 42
1679925557.049206 -11.050922 -12.231828 0.189966 -0.002238 -0.001423 0.878801 -0.477182 43
1679925557.549265 -11.053073 -12.237435 0.188801 -0.002003 -0.001498 0.878940 -0.476926 44
1679925558.649407 -11.133615 -12.378742 0.175564 0.000945 -0.004874 0.873165 -0.487399 45
1679925559.749583 -11.690377 -13.247289 0.175818 -0.002688 -0.000195 0.874952 -0.484202 46
1679925560.249884 -11.958622 -13.610163 0.164018 -0.003566 -0.000340 0.877848 -0.478927 47
1679925560.750272 -12.091823 -13.819240 0.167967 -0.002122 -0.005383 0.879444 -0.475967 48
1679925561.749526 -12.126795 -13.917622 0.152845 -0.000707 -0.001654 0.877849 -0.478934 49
1679925562.249806 -12.131056 -13.925992 0.151901 -0.000817 -0.001459 0.877849 -0.478935 50
1679925562.849719 -12.134838 -13.932036 0.151306 -0.001445 -0.001281 0.876742 -0.480957 51
1679925563.850430 -12.414339 -14.449732 0.155105 -0.002786 -0.001927 0.894265 -0.447526 52
1679925564.447513 -12.697768 -14.570951 0.146055 -0.000866 0.014438 -0.839031 0.543891 53
1679925564.953233 -12.877530 -14.914420 0.145616 0.009385 -0.011872 -0.827961 0.560581 54
1679925566.549616 -13.219330 -15.632195 0.129520 0.001568 -0.005946 0.878108 -0.478423 55
1679925567.250394 -13.216407 -15.659245 0.126532 -0.001023 -0.001634 0.877754 -0.479108 56
1679925567.850192 -13.215062 -15.661127 0.125637 -0.000842 -0.002164 0.877625 -0.479343 57
1679925569.049858 -13.452243 -16.102877 0.122980 -0.003609 0.008844 -0.854506 0.519353 58
1679925570.449952 -14.099387 -17.168404 0.109416 0.010660 -0.011659 -0.857339 0.514510 59
1679925571.650976 -14.315148 -17.378685 0.094629 0.000584 -0.004239 0.880287 -0.474423 60
1679925572.249485 -14.316004 -17.391840 0.093008 -0.000802 -0.001524 0.880139 -0.474713 61
1679925572.950170 -14.313911 -17.393768 0.092145 -0.002523 0.002519 0.884836 -0.465889 62
1679925574.148530 -14.606215 -17.841829 0.085525 -0.000303 -0.007875 0.920016 -0.391802 63
1679925574.750972 -14.917307 -18.276352 0.082740 0.002428 -0.005397 0.902761 -0.430102 64
1679925575.349448 -15.243602 -18.715837 0.081318 -0.000310 -0.005242 0.896677 -0.442653 65
1679925576.050160 -15.437232 -19.008461 0.077541 -0.000390 -0.004120 0.880332 -0.474341 66
1679925577.249755 -15.446338 -19.059553 0.065063 0.001966 -0.000788 0.880090 -0.474803 67
1679925578.449420 -15.460832 -19.085882 0.064271 0.001301 -0.000306 0.878919 -0.476969 68
1679925579.748581 -16.028978 -19.963255 0.056050 -0.002488 -0.003639 0.873900 -0.486086 69
1679925580.949542 -16.502794 -20.687271 0.048447 0.000489 -0.004520 0.877863 -0.478891 70
1679925582.248751 -16.543734 -20.791813 0.035105 0.001630 -0.000259 0.876684 -0.481065 71
1679925582.848527 -16.545786 -20.794582 0.034261 0.001456 0.000017 0.876796 -0.480860 72
1679925583.348868 -16.545801 -20.794081 0.033978 0.001391 0.000161 0.876426 -0.481534 73
1679925584.548596 -16.933468 -21.334154 0.025998 -0.001742 -0.000829 0.876665 -0.481098 74
1679925585.149578 -17.244228 -21.818451 0.018668 -0.001339 -0.001707 0.876597 -0.481221 75
1679925586.349256 -17.635500 -22.472803 0.009973 -0.004086 -0.001290 0.878473 -0.477772 76
1679925587.348538 -17.650364 -22.517988 -0.003034 0.000495 -0.003447 0.878099 -0.478467 77
1679925588.949058 -17.734035 -22.740274 -0.009740 0.001208 0.004569 -0.860756 0.508996 78
1679925593.449170 -18.815266 -24.157818 -0.036745 0.001127 0.000094 0.899568 -0.436779 79
1679925594.749716 -18.858917 -24.209394 -0.037723 -0.000418 0.002379 0.902805 -0.430043 80
1679925596.147301 -19.665911 -25.081114 -0.049389 0.006039 -0.018908 0.892767 -0.450081 81
1679925597.050889 -19.980574 -25.716490 -0.054756 -0.007939 0.008487 0.878339 -0.477896 82
1679925597.545991 -20.008327 -25.792168 -0.061849 -0.000409 -0.002672 0.884654 -0.466241 83
1679925598.948801 -20.020618 -25.811085 -0.067763 -0.000799 -0.000436 0.882022 -0.471208 84
1679925599.749005 -20.201309 -26.169355 -0.067404 0.001336 -0.000525 -0.865853 0.500296 85
1679925600.549181 -20.612617 -26.807808 -0.074473 0.001029 0.003094 -0.864374 0.502840 86
1679925600.948723 -20.847918 -27.096243 -0.088735 0.008009 0.012652 -0.849288 0.527717 87
1679925601.848420 -21.151445 -27.432487 -0.130857 -0.031329 -0.014828 0.878540 -0.476409 88
1679925602.549204 -21.186014 -27.486364 -0.135857 -0.037252 -0.019671 0.881909 -0.469535 89
1679925603.349406 -21.192909 -27.494236 -0.137154 -0.038027 -0.019304 0.882030 -0.469259 90
1679925603.748814 -21.193417 -27.494043 -0.137261 -0.038056 -0.019671 0.881995 -0.469307 91
1679925604.449630 -21.241060 -27.703573 -0.161673 0.034156 0.021170 -0.858322 0.511535 92
1679925605.248442 -21.526264 -28.308496 -0.215559 -0.041701 -0.008079 0.896098 -0.441820 93
1679925606.149569 -22.017878 -28.877846 -0.276080 -0.036944 -0.017461 0.881303 -0.470781 94
1679925606.948546 -22.293631 -29.136602 -0.310330 -0.034430 -0.015145 0.887137 -0.459971 95
1679925608.452614 -22.297379 -29.162603 -0.318765 -0.031254 -0.017600 0.886562 -0.461218 96
1679925609.652324 -22.395653 -29.454096 -0.342472 0.028669 0.027479 -0.859736 0.509193 97
1679925611.052411 -23.034473 -30.524647 -0.454178 -0.037244 -0.018971 0.865271 -0.499558 98
1679925611.652242 -23.291342 -30.806465 -0.488438 -0.038998 -0.015508 0.874526 -0.483160 99
1679925612.252071 -23.336617 -30.864946 -0.497627 -0.038878 -0.017585 0.883626 -0.466245 100
1679925612.851906 -23.352432 -30.872503 -0.499701 -0.037674 -0.019351 0.883920 -0.465716 101
1679925614.152484 -23.394842 -30.950600 -0.505393 -0.038023 -0.015492 0.890086 -0.453939 102
1679925614.749705 -23.583096 -31.305656 -0.529414 -0.017401 -0.013884 0.910944 -0.411929 103
1679925615.352235 -23.830687 -31.784649 -0.538436 0.001663 0.000450 0.903511 -0.428562 104
1679925615.952167 -24.170897 -32.222137 -0.550009 -0.003071 -0.001486 0.901345 -0.433089 105
1679925617.151741 -24.453053 -32.594193 -0.561558 -0.002353 -0.001263 0.884354 -0.466810 106
1679925617.751618 -24.459576 -32.614773 -0.564474 0.001146 -0.003426 0.884803 -0.465952 107
1679925618.951381 -24.459038 -32.620598 -0.565238 -0.000354 -0.000361 0.884250 -0.467013 108
1679925619.452935 -24.511951 -32.677959 -0.565736 -0.005340 0.010571 0.891676 -0.452520 109
1679925620.152405 -24.927681 -33.075382 -0.572528 -0.005577 0.006318 0.914520 -0.404453 110
1679925620.752320 -25.296722 -33.496941 -0.575985 0.002585 -0.006867 0.909618 -0.415382 111
1679925621.252656 -25.520378 -33.895588 -0.582440 0.002446 -0.016141 0.879130 -0.476302 112
1679925622.450981 -25.653133 -34.269302 -0.599205 -0.000957 -0.007232 0.884070 -0.467298 113
1679925623.651970 -25.639786 -34.284924 -0.602150 -0.005466 0.001519 0.888929 -0.458010 114
1679925624.250499 -25.689861 -34.343575 -0.603611 0.001171 -0.011487 0.875573 -0.482948 115
1679925625.351981 -26.292391 -35.027840 -0.609534 -0.001748 -0.005568 0.879475 -0.475909 116
1679925625.951830 -26.606319 -35.507206 -0.616562 0.001422 0.003632 0.872408 -0.488763 117
1679925626.552996 -26.820284 -35.909760 -0.612425 -0.001149 0.003322 0.884130 -0.467228 118
1679925627.752763 -26.856483 -36.012131 -0.629043 -0.001102 -0.002116 0.883695 -0.468057 119
1679925629.051945 -26.848608 -36.014854 -0.631028 -0.001620 -0.000735 0.883850 -0.467767 120
1679925629.651863 -26.884592 -36.058586 -0.630399 -0.003766 0.004775 0.885473 -0.464652 121
1679925630.351190 -27.247625 -36.452145 -0.640394 0.000461 0.001793 0.895546 -0.444964 122
1679925631.051984 -27.647516 -37.005165 -0.646671 -0.000173 -0.002347 0.889498 -0.456933 123
1679925631.653085 -27.950720 -37.447510 -0.650023 -0.009447 0.015196 0.911128 -0.411736 124
1679925632.952309 -28.072735 -37.623619 -0.665389 -0.001596 -0.002210 0.920067 -0.391751 125
1679925634.252914 -28.090265 -37.654541 -0.666915 -0.002326 -0.000307 0.920009 -0.391889 126
1679925635.552194 -28.876757 -38.394215 -0.673353 -0.001618 -0.000899 0.919163 -0.393872 127
1679925636.252844 -29.314713 -38.882843 -0.690978 -0.004506 -0.000982 0.917922 -0.396734 128
1679925636.852726 -29.504257 -39.074738 -0.690905 -0.003907 -0.000364 0.920314 -0.391162 129
1679925637.552070 -29.493605 -39.097549 -0.700595 -0.001050 -0.002195 0.920068 -0.391752 130
1679925638.852665 -29.495361 -39.120911 -0.703629 -0.000747 -0.002987 0.920338 -0.391112 131
1679925639.452507 -29.727587 -39.390182 -0.705630 -0.000884 -0.003973 0.909940 -0.414719 132
1679925640.851327 -30.533640 -40.332542 -0.716985 -0.008599 0.018161 -0.799587 0.600214 133
1679925641.455225 -30.612774 -40.421978 -0.724658 0.002509 -0.004182 -0.744807 0.667262 134
1679925642.149192 -30.587580 -40.456161 -0.728907 -0.003015 0.003399 -0.782039 0.623213 135
1679925642.852539 -30.577251 -40.463058 -0.729195 0.000223 -0.000326 -0.782489 0.622664 136
1679925643.551928 -30.576000 -40.471184 -0.728800 0.000756 -0.000298 -0.784474 0.620161 137
1679925644.150470 -30.613928 -40.722115 -0.736463 -0.017580 0.018694 -0.730596 0.682328 138
1679925644.855235 -30.651350 -41.061470 -0.730857 0.006583 -0.002033 -0.615350 0.788224 139
1679925646.153147 -30.671631 -41.103462 -0.735013 0.001612 0.001669 -0.656723 0.754128 140
1679925647.451017 -30.644253 -41.172745 -0.735857 -0.014739 0.013649 -0.629679 0.776595 141
1679925648.153122 -30.419432 -41.651329 -0.739802 -0.018300 0.017412 -0.502614 0.864142 142
1679925648.853787 -30.305174 -41.928513 -0.742203 0.006042 0.000165 -0.402727 0.915300 143
1679925649.550545 -30.276344 -41.963055 -0.749340 -0.004888 0.002072 -0.434419 0.900695 144
1679925650.153060 -30.265884 -41.964970 -0.750739 -0.000647 0.000421 -0.434594 0.900626 145
1679925650.852446 -30.261978 -41.966682 -0.751026 -0.001023 0.001419 -0.435300 0.900284 146
1679925651.450981 -30.073515 -42.123852 -0.763965 -0.013236 0.005854 -0.381291 0.924342 147
1679925652.151635 -29.582462 -42.560135 -0.761898 -0.004540 0.000562 -0.350271 0.936637 148
1679925652.751566 -29.148897 -42.939770 -0.759217 -0.000391 0.001272 -0.347327 0.937743 149
1679925654.152948 -28.695557 -43.284611 -0.781920 -0.000592 0.001569 -0.303206 0.952924 150
1679925654.752810 -28.682779 -43.293381 -0.783083 -0.000414 0.001602 -0.302324 0.953204 151
1679925656.052042 -28.680471 -43.296787 -0.783904 -0.000995 0.002222 -0.299226 0.954179 152
1679925656.752805 -28.393225 -43.449543 -0.790977 -0.008471 0.004617 -0.184241 0.982834 153
1679925658.151576 -27.278109 -44.128380 -0.805594 0.003746 0.003424 -0.248187 0.968699 154
1679925658.752728 -27.025003 -44.279461 -0.807340 -0.000494 0.002220 -0.262324 0.964977 155
1679925660.152889 -26.938175 -44.311817 -0.819786 -0.000918 0.001508 -0.260265 0.965536 156
1679925660.852201 -26.937895 -44.312885 -0.820548 -0.000716 0.001140 -0.259660 0.965699 157
1679925661.553027 -26.926302 -44.321297 -0.820245 0.000238 0.001650 -0.258208 0.966088 158
1679925662.252411 -26.693083 -44.494148 -0.788384 -0.018154 -0.077408 -0.259113 0.962569 159
1679925662.852356 -26.337400 -44.685776 -0.656084 -0.060379 -0.220693 -0.256255 0.939139 160
1679925664.250993 -25.742489 -45.002682 -0.447987 -0.014511 -0.039749 -0.277338 0.959840 161
1679925664.853473 -25.728687 -44.898663 -0.448512 -0.035634 -0.135313 -0.240036 0.960626 162
1679925665.551621 -25.779181 -44.937584 -0.468616 -0.030390 -0.132321 -0.240180 0.961188 163
1679925666.252291 -25.769827 -44.975693 -0.463075 -0.030928 -0.126492 -0.240129 0.961967 164
1679925667.052660 -25.750179 -44.989040 -0.464991 -0.030232 -0.119184 -0.240491 0.962832 165
1679925668.356819 -25.656057 -45.012905 -0.461362 -0.008302 0.003306 -0.096481 0.995295 166
1679925669.061357 -25.519974 -44.995037 -0.461520 -0.004893 0.000439 0.106621 0.994288 167
1679925669.758129 -25.474009 -45.005272 -0.466508 0.003210 -0.000498 0.092525 0.995705 168
1679925670.458747 -25.440952 -45.000149 -0.466519 -0.000239 0.000510 0.091676 0.995789 169
1679925671.856158 -25.358244 -44.953152 -0.468626 -0.011233 -0.002266 0.159664 0.987105 170
1679925672.459928 -25.040129 -44.746231 -0.476432 -0.006748 0.000694 0.309393 0.950910 171
1679925673.157999 -24.598381 -44.579269 -0.468851 0.008854 0.005475 0.172773 0.984907 172
1679925673.856069 -24.411943 -44.560848 -0.481375 -0.002276 0.002568 0.348395 0.937341 173
1679925674.958981 -24.375706 -44.561085 -0.480458 -0.000920 -0.003218 0.367100 0.930176 174
1679925675.658110 -24.375130 -44.560005 -0.481402 -0.003007 -0.002918 0.360924 0.932586 175
1679925676.958602 -24.375322 -44.556931 -0.481004 0.002942 -0.000376 0.351753 0.936088 176
1679925677.558471 -24.373373 -44.558384 -0.480837 -0.001564 -0.002179 0.365839 0.930674 177
1679925678.158373 -24.373350 -44.558559 -0.480333 0.000006 -0.001582 0.362047 0.932159 178
1679925679.359279 -24.371593 -44.561539 -0.480538 -0.000566 -0.001981 0.388958 0.921253 179
1679925679.957829 -24.371653 -44.561794 -0.480214 0.000231 -0.002122 0.388099 0.921615 180
1679925681.059309 -24.370485 -44.564171 -0.481134 0.003919 -0.000265 0.417181 0.908815 181
1679925681.659112 -24.351019 -44.545387 -0.476737 0.008163 0.004367 0.373981 0.927390 182
1679925682.557534 -24.202068 -44.085964 -0.481770 -0.021080 -0.012596 0.489493 0.871661 183
1679925684.257460 -23.649313 -42.785595 -0.498969 -0.001558 0.006858 0.609528 0.792733 184
1679925684.958176 -23.613291 -42.672283 -0.512708 -0.002783 0.001338 0.612385 0.790554 185
1679925685.957407 -23.606915 -42.644230 -0.514722 -0.003042 0.001375 0.612149 0.790735 186
1679925687.158424 -23.587519 -42.587200 -0.515970 0.012888 0.013955 0.604651 0.796264 187
1679925690.157579 -22.842646 -40.743359 -0.545732 -0.005970 -0.000972 0.570391 0.821351 188
1679925691.158200 -22.856926 -40.728745 -0.549559 -0.002113 0.001255 0.569009 0.822328 189
1679925692.257031 -22.853212 -40.380238 -0.553052 -0.014840 -0.007746 0.652427 0.757667 190
1679925692.858142 -22.812859 -39.826984 -0.564905 -0.003894 -0.001234 0.682546 0.730831 191
1679925694.359107 -22.781260 -38.741245 -0.573280 -0.000275 0.002444 0.740260 0.672317 192
1679925695.257520 -22.791815 -38.697437 -0.580337 -0.001195 0.000760 0.736162 0.676804 193
1679925697.058416 -22.752375 -38.227020 -0.584499 0.006828 0.005969 0.705170 0.708980 194
1679925697.656920 -22.699671 -37.638172 -0.593402 0.005008 0.009732 0.669812 0.742450 195
1679925698.557934 -22.548147 -36.858837 -0.606249 0.006209 0.011005 0.608572 0.793398 196
1679925699.457752 -22.506874 -36.697987 -0.617190 -0.006373 -0.001981 0.599679 0.800213 197
1679925700.257926 -22.521603 -36.695927 -0.621700 -0.001164 -0.000115 0.600456 0.799657 198
1679925701.457593 -22.474796 -36.576885 -0.625412 0.006297 0.003270 0.588975 0.808120 199
1679925702.057432 -22.255589 -36.080963 -0.628167 -0.001208 0.001932 0.574209 0.818706 200
1679925703.656578 -21.753763 -34.855209 -0.639296 -0.003093 0.003712 0.465107 0.885241 201
1679925704.758078 -21.763456 -34.820278 -0.649972 -0.002986 0.001468 0.489531 0.871979 202
1679925705.357903 -21.768114 -34.820065 -0.651110 -0.001884 0.001721 0.489322 0.872100 203
1679925706.856129 -21.456928 -34.377792 -0.649341 0.012598 0.006782 0.233134 0.972339 204
1679925708.258942 -21.388294 -34.229313 -0.655296 -0.003392 0.002000 0.227255 0.973827 205
1679925709.157331 -21.377031 -34.205051 -0.659137 -0.000836 -0.001020 0.225848 0.974162 206
1679925709.757126 -21.371956 -34.196098 -0.660060 -0.000704 -0.000447 0.225793 0.974175 207
1679925711.158553 -21.244049 -33.992367 -0.645626 -0.017771 -0.000670 0.495047 0.868684 208
1679925711.660193 -21.250715 -33.917538 -0.660941 0.005559 0.001723 0.585759 0.810464 209
1679925712.958112 -21.218372 -33.878956 -0.664259 0.001532 0.000378 0.529571 0.848264 210
1679925713.557888 -21.218275 -33.877838 -0.664134 -0.001875 -0.001646 0.536550 0.843865 211
1679925714.157808 -21.189568 -33.808479 -0.664107 0.007093 0.004131 0.527141 0.849738 212
1679925714.756286 -20.895981 -33.447178 -0.671240 0.003932 -0.000310 0.498040 0.867145 213
1679925715.857776 -20.338482 -32.548069 -0.680942 -0.002795 0.004730 0.489299 0.872099 214
1679925716.756355 -20.102875 -32.152382 -0.686284 -0.003656 0.003490 0.469034 0.883166 215
1679925717.357339 -20.124453 -32.115822 -0.698208 -0.001679 0.001825 0.470350 0.882476 216
1679925718.056777 -20.137129 -32.104073 -0.700283 -0.001295 0.001216 0.469747 0.882800 217
1679925718.656586 -20.122435 -32.076912 -0.699704 -0.001843 0.001407 0.466863 0.884326 218
1679925719.758204 -19.618107 -31.377285 -0.710405 -0.002319 0.002252 0.471943 0.881623 219
1679925720.656579 -19.150928 -30.671093 -0.725898 -0.002036 0.006324 0.469205 0.883064 220
1679925721.156831 -18.981527 -30.431742 -0.727885 -0.000685 0.005601 0.470223 0.882530 221
1679925721.957054 -18.978125 -30.392008 -0.738762 -0.002166 0.002056 0.469606 0.882871 222
1679925722.757291 -18.990595 -30.383949 -0.742013 -0.001939 0.001943 0.468562 0.883427 223
1679925723.757900 -18.787069 -30.051237 -0.742657 -0.002205 0.002708 0.474672 0.880156 224
1679925723.757900 -18.787069 -30.051237 -0.742657 -0.002205 0.002708 0.474672 0.880156 225
1679925724.757254 -18.214861 -29.252213 -0.758908 -0.001112 0.003294 0.468541 0.883435 226
1679925725.257559 -17.959694 -28.903250 -0.760365 -0.001835 0.002851 0.468391 0.883515 227
1679925726.057768 -17.855173 -28.714640 -0.770277 -0.004432 0.001113 0.468454 0.883476 228
1679925726.856685 -17.843483 -28.681213 -0.775791 -0.002786 0.001746 0.468755 0.883322 229
1679925727.956873 -17.827944 -28.655016 -0.776978 -0.002132 0.002883 0.470273 0.882514 230
1679925728.757120 -17.526924 -28.177069 -0.785794 -0.001922 0.000834 0.476556 0.879141 231
1679925729.972205 -16.867537 -27.276243 -0.797696 -0.003692 0.004174 0.465338 0.885116 232
1679925730.772374 -16.722132 -27.048380 -0.805151 -0.003876 0.002369 0.469622 0.882856 233
1679925731.872463 -16.696442 -26.993519 -0.812878 -0.001792 0.001288 0.469310 0.883031 234
1679925732.372799 -16.695932 -26.992605 -0.813368 -0.001317 0.001435 0.470368 0.882468 235
1679925732.972687 -16.649088 -26.924171 -0.815196 -0.000519 0.002246 0.471900 0.881649 236
1679925734.272022 -15.973918 -25.971846 -0.827241 -0.001642 0.002797 0.473600 0.880734 237
1679925734.972637 -15.650517 -25.486723 -0.835770 -0.006981 0.001225 0.498997 0.866575 238
1679925736.271819 -15.572624 -25.330175 -0.852468 -0.003321 0.002783 0.503750 0.863839 239
1679925737.272477 -15.574881 -25.312487 -0.854571 -0.006435 0.001698 0.504501 0.863386 240
1679925738.273114 -15.391167 -24.656439 -0.858109 -0.006616 -0.000623 0.600090 0.799905 241
1679925739.072157 -15.143028 -23.972626 -0.865239 0.000388 0.002951 0.625906 0.779893 242
1679925739.872396 -14.907842 -23.533674 -0.873246 0.002621 0.003174 0.634655 0.772785 243
1679925740.572890 -14.890163 -23.449764 -0.882955 -0.000395 0.000541 0.634015 0.773321 244
1679925741.772655 -14.887507 -23.430750 -0.884345 -0.001114 0.000524 0.634535 0.772893 245
1679925742.372541 -14.881613 -23.409485 -0.884642 -0.000839 0.000962 0.638080 0.769969 246
1679925742.872748 -14.805396 -23.170471 -0.893721 0.007982 0.007704 0.571182 0.820749 247
1679925744.172029 -14.339067 -22.060455 -0.895523 0.001357 0.003397 0.528499 0.848926 248
1679925745.171345 -14.074527 -21.535183 -0.907738 -0.004235 0.002361 0.497400 0.867508 249
1679925746.471977 -14.099648 -21.508375 -0.921473 0.000368 0.001473 0.494842 0.868981 250
1679925747.772445 -13.720493 -20.976015 -0.930206 -0.001323 0.003447 0.477641 0.878547 251
1679925748.771734 -13.203031 -20.199457 -0.936246 -0.001847 0.003712 0.471630 0.881787 252
1679925749.372903 -12.994980 -19.883198 -0.945457 -0.002090 0.006355 0.454754 0.890592 253
1679925750.372248 -12.980996 -19.829390 -0.955574 -0.002693 0.002963 0.456636 0.889645 254
1679925750.872523 -12.986573 -19.824314 -0.957364 -0.002292 0.002898 0.456464 0.889734 255
1679925751.372864 -12.987867 -19.823002 -0.957732 -0.003516 0.002834 0.455890 0.890025 256
1679925752.173133 -12.738842 -19.538540 -0.959512 0.003488 0.005486 0.450131 0.892939 257
1679925752.872546 -12.322889 -18.986959 -0.966473 0.003313 0.005007 0.440426 0.897769 258
1679925753.972604 -11.761457 -18.295094 -0.977508 0.002470 0.007513 0.276589 0.960956 259
1679925755.573151 -11.737322 -18.219925 -0.989491 -0.000764 0.000503 0.307908 0.951416 260
1679925756.572387 -11.737437 -18.220039 -0.989859 -0.000982 0.000543 0.307637 0.951503 261
1679925757.571766 -11.287457 -18.100628 -0.993827 0.034293 0.003843 0.068052 0.997085 262
1679925758.875021 -11.134922 -18.077669 -0.992293 -0.003124 -0.000374 0.011352 0.999931 263
1679925760.472798 -11.081627 -18.008451 -0.993765 -0.000853 -0.000048 0.014017 0.999901 264
1679925761.273059 -11.077887 -18.004108 -0.993963 0.002483 0.000489 0.023985 0.999709 265
1679925762.872285 -10.083424 -18.262087 -0.995081 0.009547 -0.003006 -0.236558 0.971566 266
1679925764.472827 -9.910411 -18.321856 -1.007497 -0.001419 0.000611 -0.256317 0.966592 267
1679925765.172175 -9.912705 -18.319084 -1.008233 -0.000040 0.000538 -0.255753 0.966742 268
1679925765.772069 -9.846600 -18.356661 -1.009079 0.004544 -0.001878 -0.247540 0.968865 269
1679925766.472875 -9.403154 -18.657255 -1.009973 0.000236 0.001350 -0.290418 0.956899 270
1679925767.573091 -8.526655 -19.145803 -1.018084 -0.008528 0.005810 -0.258761 0.965886 271
1679925768.573662 -8.198872 -19.304159 -1.031214 -0.003562 0.001375 -0.194938 0.980808 272
1679925769.172203 -8.168859 -19.290133 -1.035024 -0.001793 0.000926 -0.193118 0.981173 273
1679925769.872944 -8.161795 -19.282478 -1.035601 0.000227 0.000437 -0.187485 0.982267 274
1679925771.173613 -7.604121 -19.348972 -1.029384 -0.016148 0.004905 0.102585 0.994581 275
1679925773.173531 -7.433827 -19.340359 -1.046878 -0.000750 0.001873 0.106979 0.994259 276
1679925773.773473 -7.431557 -19.339647 -1.047221 -0.004166 0.001587 0.115385 0.993311 277
1679925775.573018 -7.219285 -19.205851 -1.051623 -0.002879 0.000336 0.378671 0.925527 278
1679925777.372528 -7.224785 -19.199270 -1.052123 -0.000525 0.001651 0.363228 0.931699 279
1679925778.273695 -7.182912 -18.943077 -1.052027 -0.014506 -0.006850 0.574637 0.818251 280
1679925779.170761 -6.860127 -18.232800 -1.058635 0.008062 0.008585 0.495418 0.868575 281
1679925779.872793 -6.575784 -17.744045 -1.068045 -0.004364 0.004510 0.429608 0.902994 282
1679925783.273018 -6.499087 -17.225830 -1.094632 0.000665 0.002271 0.585083 0.810970 283
1679925783.972345 -6.310565 -17.013550 -1.097020 0.006264 0.006601 0.537889 0.842966 284
1679925784.572258 -6.036453 -16.598026 -1.102423 -0.009303 -0.004181 0.554607 0.832050 285
1679925785.172061 -5.901390 -16.120655 -1.102657 -0.021288 -0.018028 0.685453 0.727582 286
1679925786.572260 -5.984594 -15.686839 -1.119071 -0.003880 -0.002070 0.778240 0.627952 287
1679925789.079057 -6.151522 -15.369810 -1.130075 -0.018039 -0.020464 0.840500 0.541124 288
1679925790.480592 -6.361171 -14.784276 -1.134391 -0.001006 -0.000535 0.921623 0.388085 289
1679925791.279378 -6.392757 -14.760173 -1.135270 -0.003149 -0.002773 0.918566 0.395246 290
1679925792.879914 -6.522887 -14.638173 -1.148075 -0.000976 -0.001698 0.923289 0.384101 291
1679925793.678853 -7.047199 -14.103390 -1.148332 0.001875 0.006901 0.921480 0.388360 292
1679925794.680699 -7.656199 -13.458205 -1.149037 0.006832 0.023088 0.872466 0.488081 293
1679925796.080818 -7.808519 -13.287351 -1.170378 -0.001396 -0.000806 0.833282 0.552846 294
1679925797.179791 -7.806579 -13.285323 -1.172262 0.000766 0.001922 0.829027 0.559205 295
1679925797.981271 -7.832454 -13.115420 -1.175524 0.021039 0.022641 0.775269 0.630875 296
1679925799.177022 -7.878126 -12.667027 -1.176825 -0.002765 0.000012 0.644614 0.764503 297
1679925800.279950 -7.907652 -12.651340 -1.178102 -0.002202 0.000945 0.658995 0.752144 298
1679925801.279201 -7.889174 -12.612405 -1.178200 0.011098 0.010651 0.659524 0.751526 299
1679925801.978507 -7.657999 -12.196598 -1.184078 0.014937 0.009242 0.558651 0.829217 300
1679925802.480188 -7.452015 -11.801000 -1.182178 0.023102 0.017563 0.468791 0.882832 301
1679925803.580427 -7.337831 -11.584373 -1.194669 -0.001083 0.003218 0.420200 0.907425 302
1679925804.780050 -7.348160 -11.584901 -1.197732 -0.001796 0.001166 0.425824 0.904803 303
1679925805.880247 -7.094797 -11.353196 -1.201208 0.004220 0.003757 0.408495 0.912743 304
1679925806.679141 -6.553869 -10.805164 -1.205213 -0.000254 0.002850 0.397161 0.917745 305
1679925807.779315 -5.991711 -10.188752 -1.220792 -0.004189 0.005864 0.380569 0.924724 306
1679925808.480056 -5.952848 -10.143600 -1.230085 -0.007450 -0.000023 0.380163 0.924890 307
1679925809.379831 -5.959732 -10.125157 -1.234375 -0.002301 0.001668 0.380560 0.924752 308
1679925810.377836 -5.909918 -10.036784 -1.236848 -0.013801 -0.006326 0.426046 0.904574 309
1679925811.878767 -5.185343 -8.902256 -1.244947 -0.005193 -0.001386 0.484389 0.874836 310
1679925813.079806 -4.866661 -8.492256 -1.248302 0.006823 -0.014800 0.489363 0.871928 311
1679925814.980237 -4.842683 -8.442392 -1.253919 0.011145 -0.018294 0.490436 0.871214 312
1679925815.679699 -4.801792 -8.357956 -1.255344 0.005504 -0.023130 0.507498 0.861325 313
1679925816.380368 -4.558592 -7.816263 -1.218743 0.018674 -0.021658 0.517026 0.855492 314
1679925817.679794 -3.864448 -6.913395 -1.139056 0.016937 -0.031953 0.483801 0.874430 315
1679925820.078959 -3.740979 -6.722430 -1.141498 0.016737 -0.028693 0.490765 0.870658 316
1679925820.779761 -3.733589 -6.672500 -1.143237 0.004012 -0.036011 0.504645 0.862566 317
1679925821.682125 -3.652309 -6.082064 -1.104115 0.023245 -0.023354 0.622695 0.781770 318
1679925822.377602 -3.358958 -5.715564 -1.070223 0.028295 -0.024724 0.508186 0.860427 319
1679925823.278625 -2.807804 -5.158837 -1.032930 0.007564 -0.035281 0.451043 0.891772 320
1679925824.478428 -2.686770 -5.018104 -1.024440 0.012188 -0.030955 0.492999 0.869393 321
1679925825.279975 -2.698558 -5.008957 -1.024601 0.016466 -0.027640 0.488196 0.872141 322
1679925826.380145 -2.539601 -4.766111 -1.011810 0.015980 -0.026795 0.494676 0.868517 323
1679925827.579814 -1.921065 -3.767842 -0.972900 0.003361 -0.007635 0.488631 0.872451 324
1679925828.879073 -1.629511 -3.255922 -0.996886 -0.002187 0.002086 0.490102 0.871660 325
1679925829.579774 -1.630475 -3.230060 -1.001867 -0.002824 0.001602 0.489988 0.871723 326
1679925831.480207 -1.341581 -2.741111 -1.010198 -0.001023 0.002492 0.484441 0.874820 327
1679925832.880318 -0.625108 -1.661837 -1.022448 -0.002973 0.001557 0.485443 0.874262 328
1679925834.079982 -0.540084 -1.483114 -1.036116 -0.002180 0.001242 0.486255 0.873813 329
1679925835.279759 -0.538214 -1.478263 -1.037008 -0.001467 0.001034 0.487167 0.873307 330
1679925836.679803 -0.074891 -0.801896 -1.039116 0.000232 0.000691 0.485810 0.874064 331
1679925837.180333 0.199592 -0.370172 -1.055804 0.000323 0.001947 0.486056 0.873925 332
1679925838.280279 0.544202 0.227918 -1.058623 -0.003228 0.004553 0.486581 0.873617 333
1679925839.579510 0.546925 0.276476 -1.072462 -0.001033 -0.001528 0.486757 0.873536 334
1679925841.079224 0.918368 0.875756 -1.075764 0.000875 0.002281 0.486816 0.873501 335
1679925841.879437 1.344742 1.519611 -1.084405 -0.000385 0.002177 0.487914 0.872889 336
1679925843.080604 1.589700 1.958734 -1.100780 -0.001880 0.000556 0.487173 0.873303 337
1679925844.179336 1.608090 2.001142 -1.106565 -0.001333 0.001983 0.487130 0.873326 338
1679925844.880076 1.615030 2.012544 -1.106803 -0.001264 0.002978 0.488228 0.872710 339
1679925845.579380 1.848404 2.320647 -1.108776 0.000926 0.002169 0.484480 0.874799 340
1679925846.679526 2.421523 3.223542 -1.118432 -0.002886 0.001773 0.485160 0.874419 341
1679925847.779759 2.721865 3.705999 -1.131708 -0.003564 0.002833 0.486338 0.873759 342
1679925848.780398 2.694951 3.742892 -1.141853 -0.001715 0.001358 0.486542 0.873654 343
1679925849.872070 2.751743 3.835865 -1.145334 0.000823 0.001538 0.484638 0.874713 344
1679925850.672292 3.150081 4.425472 -1.143531 -0.000430 0.000465 0.485345 0.874323 345
1679925852.171923 3.728672 5.407056 -1.162935 -0.001609 0.003751 0.485625 0.874158 346
1679925852.972208 3.747768 5.446480 -1.172238 -0.005169 -0.001886 0.484597 0.874720 347
1679925853.772388 3.743880 5.455779 -1.173996 -0.000242 0.000375 0.484916 0.874561 348
1679925854.873995 3.850921 5.554863 -1.177251 0.014472 0.005481 0.440416 0.897661 349
1679925856.072651 4.666648 6.322219 -1.191148 0.003217 0.001843 0.387035 0.922058 350
1679925857.269524 5.202693 6.833559 -1.197999 -0.005981 0.004877 0.232546 0.972555 351
1679925858.473302 5.185686 6.861425 -1.210055 -0.002135 0.003194 0.276641 0.960966 352
1679925859.172623 5.197357 6.870575 -1.210497 -0.002661 0.003854 0.276551 0.960988 353
1679925859.972971 5.639529 7.176175 -1.216970 -0.002045 0.002558 0.291651 0.956519 354
1679925861.073097 6.592179 7.778235 -1.230274 -0.000786 0.004202 0.267026 0.963680 355
1679925861.772669 6.805323 7.910973 -1.243644 -0.004903 0.004768 0.275684 0.961224 356
1679925862.572815 6.844952 7.959406 -1.248192 -0.002767 0.003981 0.276680 0.960950 357
1679925863.373096 6.855527 7.969533 -1.249862 -0.001976 0.004320 0.276521 0.960996 358
1679925864.173332 6.885724 7.989282 -1.249534 -0.002054 0.005215 0.276197 0.961085 359
1679925866.072556 8.251290 8.837664 -1.269368 -0.002628 0.004720 0.277787 0.960627 360
1679925867.973052 8.616915 9.081393 -1.285169 -0.000731 0.001602 0.276702 0.960954 361
1679925869.073156 8.668826 9.119636 -1.286331 0.000074 0.001838 0.275549 0.961285 362
1679925870.173615 9.480713 9.609448 -1.298579 -0.000159 0.002892 0.275203 0.961382 363
1679925871.573548 10.296176 10.100606 -1.307449 -0.004408 -0.001064 0.276306 0.961059 364
1679925872.373815 10.352818 10.151285 -1.312471 -0.001839 -0.001296 0.276768 0.960934 365
1679925873.073197 10.363025 10.157353 -1.313831 -0.000209 -0.001171 0.276947 0.960885 366
1679925874.373824 10.406741 10.182709 -1.314403 0.001291 -0.001167 0.280006 0.959997 367
1679925875.073215 10.859169 10.424688 -1.322967 0.001945 -0.002931 0.281748 0.959482 368
1679925875.873599 11.530690 10.855204 -1.331626 -0.000874 0.002147 0.281655 0.959513 369
1679925876.574150 12.000434 11.173390 -1.338691 -0.001845 0.004301 0.275669 0.961241 370
1679925879.073308 12.145934 11.317946 -1.349070 -0.003957 0.000012 0.273498 0.961864 371
1679925880.473444 13.152441 12.017110 -1.365029 -0.002458 0.002343 0.303944 0.952684 372
1679925881.773983 13.730603 12.444733 -1.374554 -0.002323 0.002792 0.313182 0.949686 373
1679925883.174041 13.755927 12.474098 -1.382089 -0.000234 0.001530 0.313602 0.949553 374
1679925884.574200 14.386431 12.918439 -1.384931 0.004210 0.002852 0.290630 0.956822 375
1679925886.574097 15.414227 13.617461 -1.412801 -0.000241 0.002782 0.325390 0.945576 376
1679925887.773945 15.442333 13.660180 -1.416707 -0.001082 0.000598 0.323683 0.946165 377
1679925888.473247 15.450879 13.670525 -1.417506 -0.002498 0.001112 0.322970 0.946405 378
1679925889.873652 16.144833 14.498110 -1.423388 -0.003443 0.001256 0.436413 0.899739 379
1679925890.873997 16.650560 15.120301 -1.435387 -0.005070 0.002250 0.457463 0.889211 380
1679925892.473309 16.712271 15.248572 -1.451697 -0.002038 0.001577 0.458980 0.888443 381
1679925893.473869 16.754101 15.308039 -1.454094 -0.000134 0.001526 0.461367 0.887208 382
1679925893.473869 16.754101 15.308039 -1.454094 -0.000134 0.001526 0.461367 0.887208 383
1679925894.073716 16.956770 15.567856 -1.459553 -0.001174 0.003347 0.455616 0.890169 384
1679925895.473837 17.435030 16.277699 -1.454503 0.009368 -0.024995 0.479951 0.876889 385
1679925897.274762 17.607319 16.525555 -1.377893 0.072456 -0.129919 0.481382 0.863796 386
1679925898.673568 17.574650 16.555061 -1.379535 0.072755 -0.131588 0.482121 0.863105 387
1679925899.374262 17.603430 16.606842 -1.371973 0.088399 -0.156876 0.477554 0.859952 388
1679925900.073606 17.813742 16.912991 -1.226944 0.094202 -0.173025 0.483327 0.852985 389
1679925900.774335 18.025698 17.287403 -1.103424 0.011893 -0.020077 0.500376 0.865494 390
1679925901.974026 18.412426 17.915800 -1.122819 -0.003812 0.004562 0.494237 0.869307 391
1679925902.573923 18.543449 18.149277 -1.125650 -0.000295 0.002308 0.486565 0.873641 392
1679925903.773705 18.584541 18.261948 -1.137363 -0.002091 0.001420 0.484837 0.874601 393
1679925904.373610 18.574091 18.279995 -1.140535 -0.001546 0.001239 0.485955 0.873981 394
1679925906.171798 18.648174 18.501356 -1.149920 -0.018196 -0.011489 0.574102 0.818501 395
1679925906.775625 18.880154 18.952988 -1.141641 -0.000722 0.002969 0.582897 0.812540 396
1679925907.875781 19.135403 19.292557 -1.152249 0.001422 0.006041 0.726984 0.686626 397
1679925908.871193 19.159681 19.357206 -1.158600 -0.004862 -0.000403 0.655146 0.755486 398
1679925909.485710 19.160423 19.369169 -1.158236 -0.003328 0.000882 0.697227 0.716842 399
1679925910.580606 19.157282 19.371489 -1.158861 -0.001938 0.001911 0.686791 0.726849 400
1679925911.582534 19.158340 19.371418 -1.158342 -0.003806 -0.000296 0.697461 0.716613 401
1679925912.183650 19.158569 19.371235 -1.158253 -0.003288 0.000213 0.700226 0.713913 402
1679925913.283877 19.144182 19.372318 -1.157005 -0.003492 0.000478 0.695631 0.718391 403
1679925913.881048 19.106039 19.429581 -1.152139 -0.001900 0.002545 0.700945 0.713208 404
1679925914.983914 18.991919 19.510046 -1.159765 0.000231 -0.002287 0.926859 0.375401 405
1679925915.583689 18.941818 19.506765 -1.155407 0.001553 -0.001164 0.987246 0.159194 406
1679925916.685320 18.916462 19.513905 -1.154665 -0.000247 0.003429 0.989503 -0.144471 407
1679925917.782703 18.867752 19.488497 -1.156617 0.001366 -0.002943 0.997152 -0.075354 408
1679925918.284423 18.863913 19.484623 -1.156785 0.000837 -0.000063 0.997145 -0.075509 409
1679925919.381868 18.668926 19.407129 -1.166874 0.003387 -0.011761 0.991224 -0.131623 410
1679925920.083836 18.073019 19.182566 -1.162635 -0.000004 -0.005573 0.984165 -0.177165 411
1679925921.181365 17.172493 18.834301 -1.174251 0.005026 -0.025823 0.955391 -0.294170 412
1679925922.281511 17.006392 18.753630 -1.188982 -0.000609 0.000495 0.945926 -0.324383 413
1679925922.884151 16.998249 18.752087 -1.190588 -0.000693 0.000596 0.946654 -0.322251 414
1679925923.982824 16.995939 18.751947 -1.191091 0.000022 -0.001328 0.946163 -0.323688 415
1679925924.582630 16.908907 18.665888 -1.197057 0.004527 -0.008076 0.937245 -0.348548 416
1679925925.682829 16.225079 17.917673 -1.207632 -0.013176 -0.015819 0.905654 -0.423518 417
1679925926.882582 15.729738 17.138874 -1.305205 -0.037855 -0.021922 0.886678 -0.460313 418
1679925927.483630 15.707300 17.121107 -1.311617 -0.041732 -0.015134 0.887396 -0.458865 419
1679925928.582534 15.697855 17.128040 -1.315282 -0.036989 -0.020811 0.886272 -0.461216 420
1679925929.182345 15.550648 16.890821 -1.347720 -0.035479 -0.023810 0.879844 -0.473338 421
1679925929.783419 15.238229 16.427944 -1.389023 -0.037153 -0.024850 0.872705 -0.486197 422
1679925930.983183 14.618469 15.605803 -1.496599 -0.041045 -0.018483 0.883528 -0.466210 423
1679925931.583027 14.527143 15.491583 -1.511009 -0.035859 -0.022278 0.886866 -0.460094 424
1679925932.283637 14.510277 15.453762 -1.517272 -0.035363 -0.021043 0.886050 -0.461760 425
1679925933.483387 14.485590 15.396180 -1.522294 -0.034299 -0.023345 0.883107 -0.467333 426
1679925934.083251 14.311165 15.011031 -1.556268 -0.036181 -0.020559 0.871058 -0.489414 427
1679925934.683079 14.011925 14.514668 -1.609271 -0.034365 -0.013712 0.877662 -0.477849 428
1679925935.882751 13.420537 13.833073 -1.645047 -0.005616 -0.003026 0.918197 -0.396072 429
1679925937.082409 13.371956 13.745838 -1.653918 -0.000220 -0.001425 0.917068 -0.398729 430
1679925937.783206 13.370601 13.743073 -1.654687 -0.000323 -0.001065 0.916932 -0.399043 431
1679925938.383276 13.358986 13.735695 -1.654929 -0.003146 0.002480 0.915611 -0.402045 432
1679925938.982848 13.104655 13.598492 -1.661118 -0.009763 0.028611 0.964373 -0.262813 433
1679925939.581334 12.832618 13.479269 -1.651344 -0.004442 0.001779 0.998315 -0.057832 434
1679925940.181239 12.798407 13.439004 -1.662227 -0.003168 -0.000500 0.996285 -0.086060 435
1679925940.783670 12.823838 13.342376 -1.661635 -0.006726 -0.005578 0.994469 -0.104665 436
1679925942.082884 12.768507 13.312936 -1.662065 -0.002279 0.000448 0.994541 -0.104322 437
1679925943.183168 12.745590 13.315719 -1.661799 -0.003885 0.003411 0.994582 -0.103831 438
1679925943.882447 12.378435 13.376725 -1.664215 0.002011 0.028843 0.996039 0.084080 439
1679925945.083496 12.163456 13.450928 -1.670453 -0.003477 -0.000233 0.982775 0.184773 440
1679925945.683270 12.082072 13.418066 -1.670918 -0.006159 -0.004215 0.984069 0.177629 441
1679925946.982522 12.064264 13.394089 -1.674804 -0.002153 0.000262 0.983954 0.178409 442
1679925948.183571 11.948796 13.437325 -1.680533 0.000365 0.004190 0.983782 0.179321 443
1679925948.882887 11.373738 13.685461 -1.673384 -0.001417 0.002716 0.980693 0.195529 444
1679925950.183418 10.382226 14.138182 -1.693856 -0.004672 0.000262 0.976708 0.214524 445
1679925951.482692 10.224564 14.170931 -1.708466 -0.002345 -0.001514 0.976641 0.214860 446
1679925952.082500 10.219518 14.171616 -1.709797 -0.001865 0.000062 0.976791 0.214189 447
1679925952.783205 10.174798 14.183691 -1.711853 -0.005405 -0.012209 0.977790 0.209159 448
1679925953.984172 9.528498 14.318620 -1.712921 -0.005630 0.000607 0.991573 -0.129428 449
1679925954.680949 9.450498 14.342329 -1.719710 0.000506 -0.001565 0.997084 -0.076291 450
1679925955.883257 9.416148 14.338550 -1.720252 -0.001037 0.000714 0.997520 -0.070373 451
1679925956.481792 9.415812 14.336941 -1.720345 -0.000927 -0.000388 0.997450 -0.071358 452
1679925957.682860 9.035949 14.193151 -1.723203 0.005646 -0.026596 0.966985 -0.253380 453
1679925958.384801 8.803200 14.095624 -1.721961 -0.006957 0.005279 0.907071 -0.420888 454
1679925959.080202 8.744042 14.073348 -1.726985 0.000577 -0.000850 0.931292 -0.364272 455
1679925959.682656 8.726200 14.058956 -1.727411 -0.000397 0.000664 0.932195 -0.361955 456
1679925960.981861 8.718666 14.049202 -1.727630 -0.000578 -0.002099 0.931649 -0.363353 457
1679925961.682608 8.545254 13.768921 -1.733689 0.007504 -0.021774 0.891034 -0.453352 458
1679925962.884883 8.250378 13.319871 -1.736410 0.001728 0.002180 -0.785496 0.618860 459
1679925963.480682 8.243041 13.278833 -1.741267 -0.000335 0.003720 -0.802239 0.596992 460
1679925964.182789 8.245531 13.266890 -1.742139 0.001363 0.002680 -0.802997 0.595976 461
1679925964.782495 8.246582 13.265318 -1.742110 0.002245 0.001624 -0.803342 0.595511 462
1679925966.083139 8.134626 12.668596 -1.751630 0.001319 0.004862 -0.776080 0.630615 463
1679925966.682878 8.002460 12.111856 -1.751390 0.002429 0.002053 -0.770985 0.636846 464
1679925967.282699 7.868192 11.592459 -1.764431 0.004093 0.005017 -0.766796 0.641858 465
1679925967.882501 7.829680 11.354493 -1.772491 0.001090 0.004102 -0.761272 0.648419 466
1679925968.581897 7.834760 11.282866 -1.778242 -0.001305 0.001174 -0.761931 0.647656 467
1679925969.282723 7.835954 11.267742 -1.780040 -0.001100 0.000411 -0.762082 0.647479 468
1679925971.584985 7.661505 10.517569 -1.779364 0.004083 -0.003941 -0.775076 0.631842 469
1679925972.585656 7.464545 9.593635 -1.798210 0.019106 -0.018315 -0.824040 0.565913 470
1679925973.282302 7.367656 9.336876 -1.802746 -0.003434 -0.007117 0.895564 -0.444862 471
1679925974.186111 7.398628 9.303578 -1.813099 -0.000042 -0.002432 0.880418 -0.474192 472
1679925975.684325 7.398548 9.293897 -1.813920 -0.001722 -0.002119 0.880030 -0.474910 473
1679925980.384777 6.244300 7.650625 -1.839990 0.000894 0.000571 0.912205 -0.409733 474
1679925981.284597 6.062920 7.494887 -1.850796 -0.000933 0.006312 0.921415 -0.388528 475
1679925982.384683 5.285459 6.784909 -1.853728 0.000464 0.002112 0.928050 -0.372448 476
1679925983.484917 4.753026 6.268729 -1.855897 -0.003829 0.001169 0.928287 -0.371842 477
1679925984.584955 4.755146 6.227506 -1.868231 -0.002432 -0.002067 0.928635 -0.370980 478
1679925985.383936 4.755048 6.220752 -1.868317 -0.002763 -0.002210 0.929303 -0.369302 479
1679925987.184719 3.699388 5.269683 -1.883899 -0.004835 -0.002965 0.929808 -0.368001 480
1679925987.985058 3.327969 4.896736 -1.891731 -0.005846 -0.001362 0.928613 -0.371002 481
1679925988.783991 3.278414 4.853822 -1.903163 0.002293 -0.006782 0.929064 -0.369849 482
1679925989.984983 3.280955 4.840662 -1.906123 0.000845 -0.002125 0.929287 -0.369352 483
1679925991.184778 2.726505 4.309404 -1.906167 -0.000690 0.000474 0.926374 -0.376605 484
1679925992.283696 1.970213 3.618128 -1.923788 0.009292 -0.024175 0.896453 -0.442381 485
1679925993.383913 1.845361 3.431973 -1.935794 -0.001226 -0.002359 0.878708 -0.477353 486
1679925994.084646 1.841558 3.418648 -1.938028 -0.001089 -0.002868 0.879483 -0.475920 487
1679925994.684536 1.832464 3.401547 -1.938348 -0.001302 -0.003420 0.879015 -0.476779 488
1679925995.384019 1.618861 3.038926 -1.939383 -0.001731 -0.000709 0.874736 -0.484597 489
1679925996.785493 0.872593 1.920355 -1.962921 -0.002942 -0.002764 0.872523 -0.488556 490
1679925998.285259 0.765318 1.659191 -1.972735 0.000830 -0.001529 0.875234 -0.483696 491
1679925999.085468 0.764818 1.654837 -1.973617 0.000172 -0.000168 0.874236 -0.485501 492
1679926000.184362 0.507009 1.287827 -1.971382 0.001843 0.000855 0.872115 -0.489296 493
1679926001.284660 -0.021502 0.469065 -1.980611 -0.004224 -0.001053 0.875862 -0.482542 494
1679926002.084952 -0.065453 0.352228 -1.992714 -0.001112 -0.003171 0.875234 -0.483688 495
1679926002.784342 -0.072533 0.313440 -1.995635 -0.000347 -0.001976 0.875004 -0.484112 496
1679926003.885840 -0.073055 0.307887 -1.996313 -0.001219 -0.000801 0.874377 -0.485245 497
1679926005.085623 -0.073086 0.306997 -1.996802 -0.001223 -0.000303 0.881309 -0.472539 498
1679926006.185807 -0.073580 0.306645 -1.996148 -0.001292 -0.001806 0.882947 -0.469468 499
1679926006.984848 -0.073984 0.306202 -1.995853 -0.002382 -0.000567 0.880865 -0.473360 500
1679926007.785099 -0.074713 0.306432 -1.995360 -0.002402 -0.000586 0.880755 -0.473567 501
1679926009.385659 -0.075716 0.307043 -1.994833 -0.002383 -0.000604 0.880739 -0.473597 502
1679926010.885449 -0.076246 0.307483 -1.994702 -0.002458 -0.000606 0.880760 -0.473555 503
1679926011.485242 -0.076609 0.307469 -1.994704 -0.002486 -0.000602 0.880769 -0.473540 504
1679926011.985522 -0.076881 0.307494 -1.994801 -0.002466 -0.000601 0.880785 -0.473510 505
1679926013.685586 -0.077794 0.306595 -1.994707 -0.002464 -0.000661 0.880857 -0.473376 506
1679926014.485846 -0.077831 0.306099 -1.994628 -0.002534 -0.000664 0.880859 -0.473371 507
1679926015.085767 -0.077931 0.305744 -1.994659 -0.002547 -0.000668 0.880857 -0.473375 508
1679926016.285629 -0.078395 0.304655 -1.994702 -0.002550 -0.000750 0.880864 -0.473361 509
1679926017.385713 -0.078665 0.303278 -1.994939 -0.002535 -0.000800 0.880860 -0.473370 510
1679926018.385042 -0.079171 0.301966 -1.994873 -0.002577 -0.000820 0.880852 -0.473383 511
1679926019.485216 -0.078892 0.300647 -1.994834 -0.002597 -0.000854 0.880878 -0.473336 512
1679926019.985671 -0.078728 0.300205 -1.995062 -0.002616 -0.000882 0.880910 -0.473275 513
1679926020.686244 -0.078541 0.299478 -1.994880 -0.002647 -0.000915 0.880922 -0.473254 514
1679926022.085079 -0.078763 0.297998 -1.994733 -0.002637 -0.000929 0.880891 -0.473311 515
1679926022.585383 -0.078897 0.297885 -1.994655 -0.002584 -0.000903 0.880898 -0.473298 516
1679926023.886051 -0.078480 0.297479 -1.994520 -0.002529 -0.000917 0.880899 -0.473296 517
1679926025.185366 -0.077951 0.297774 -1.994749 -0.002466 -0.000916 0.880952 -0.473198 518
1679926026.485870 -0.076551 0.297769 -1.994864 -0.002371 -0.000944 0.880960 -0.473185 519
1679926027.786493 -0.074852 0.298311 -1.994412 -0.002302 -0.000932 0.880983 -0.473141 520
1679926028.886677 -0.073533 0.299034 -1.994182 -0.002287 -0.000898 0.880980 -0.473147 521
1679926029.885911 -0.072730 0.299665 -1.993970 -0.002327 -0.000899 0.880949 -0.473205 522
1679926030.687530 -0.072672 0.299745 -1.994026 -0.002349 -0.000937 0.880943 -0.473215 523
1679926031.187845 -0.072517 0.299695 -1.994149 -0.002346 -0.000965 0.880944 -0.473213 524
1679926031.887166 -0.084403 0.284599 -2.052643 -0.000059 -0.000628 0.874882 -0.484336 525
1679926032.487072 -0.083851 0.282315 -2.255480 -0.001165 -0.000433 0.875924 -0.482448 526
1679926033.187729 -0.064561 0.317110 -2.396416 0.000230 -0.002241 0.879735 -0.475458 527
1679926034.387545 -0.073060 0.301548 -2.407487 0.008424 0.002433 0.882209 -0.470776 528
1679926034.887728 -0.073019 0.301459 -2.407353 0.008509 0.002480 0.882241 -0.470715 529
1679926035.787522 -0.072958 0.301316 -2.407145 0.008652 0.002543 0.882284 -0.470630 530
1679926036.786818 -0.072863 0.301181 -2.406921 0.008803 0.002586 0.882352 -0.470501 531
1679926038.087432 -0.072724 0.301018 -2.406682 0.008898 0.002664 0.882421 -0.470369 532
1679926039.187575 -0.072619 0.300920 -2.406415 0.008948 0.002692 0.882475 -0.470266 533
1679926040.387435 -0.072437 0.300787 -2.406155 0.009062 0.002695 0.882487 -0.470241 534
1679926041.487425 -0.072257 0.300713 -2.405908 0.009084 0.002706 0.882535 -0.470151 535
1679926042.486730 -0.072129 0.300658 -2.405715 0.009150 0.002747 0.882576 -0.470072 536
1679926044.087166 -0.071787 0.300579 -2.405354 0.009189 0.002731 0.882608 -0.470011 537
1679926045.286795 -0.071552 0.300543 -2.405069 0.009210 0.002783 0.882611 -0.470005 538
1679926046.287458 -0.071330 0.300536 -2.404886 0.009291 0.002750 0.882628 -0.469972 539
1679926048.086993 -0.070938 0.300441 -2.404529 0.009248 0.002762 0.882691 -0.469854 540
1679926049.987442 -0.070563 0.300315 -2.404193 0.009198 0.002800 0.882717 -0.469806 541
1679926050.986753 -0.070401 0.300221 -2.403985 0.009234 0.002780 0.882740 -0.469763 542
1679926052.487605 -0.070184 0.300168 -2.403724 0.009271 0.002857 0.882761 -0.469722 543
1679926053.487034 -0.070018 0.300136 -2.403545 0.009220 0.002824 0.882740 -0.469763 544
1679926053.987242 -0.069919 0.300079 -2.403437 0.009195 0.002820 0.882739 -0.469765 545
1679926054.787503 -0.069777 0.300055 -2.403277 0.009291 0.002846 0.882752 -0.469739 546
1679926055.486892 -0.069649 0.300004 -2.403125 0.009251 0.002821 0.882736 -0.469769 547
1679926056.787531 -0.069406 0.299909 -2.402887 0.009300 0.002821 0.882720 -0.469798 548
1679926057.387366 -0.069281 0.299915 -2.402802 0.009296 0.002787 0.882723 -0.469793 549
1679926058.086675 -0.069151 0.299890 -2.402633 0.009299 0.002783 0.882719 -0.469801 550
1679926059.087317 -0.068930 0.299782 -2.402448 0.009246 0.002756 0.882722 -0.469797 551
1679926060.386566 -0.068681 0.299637 -2.402203 0.009282 0.002791 0.882728 -0.469785 552
1679926060.886971 -0.068620 0.299573 -2.402111 0.009284 0.002837 0.882730 -0.469781 553
1679926061.786582 -0.068674 0.299459 -2.400424 0.015114 0.005021 0.882969 -0.469160 554
