timestamp x y z qx qy qz qw id
1679926903.285150 -0.944663 0.752683 -5.145347 -0.012029 -0.010855 -0.861482 0.507529 1
1679926918.586683 -1.012885 0.691097 -5.142810 -0.011961 -0.010930 -0.864541 0.502301 15
1679926919.483892 -1.410414 0.639132 -5.137508 -0.012139 -0.010732 -0.855959 0.516790 17
1679926920.885216 -1.544966 0.618233 -5.135630 -0.012290 -0.010558 -0.848625 0.528746 18
1679926921.685560 -1.546652 0.611099 -5.135276 -0.012284 -0.010565 -0.848818 0.528437 19
1679926922.687483 -1.686159 0.137162 -5.119181 0.011511 0.011403 0.883851 -0.467489 20
1679926924.084929 -2.261311 -0.645922 -5.095152 0.011476 0.011439 0.904621 -0.425910 21
1679926924.788368 -2.466816 -1.053224 -5.080551 -0.013429 -0.009066 -0.806472 0.591051 22
1679926925.684109 -2.516971 -1.185999 -5.075814 -0.012555 -0.010242 -0.856622 0.515690 23
1679926927.686753 -2.547965 -1.230699 -5.074203 -0.012484 -0.010329 -0.860036 0.509976 25
1679926928.885174 -2.966942 -1.830392 -5.051291 0.010887 0.012000 0.923659 -0.382872 26
1679926930.086245 -3.387859 -2.489174 -5.026572 -0.012522 -0.010283 -0.857402 0.514392 27
1679926931.388120 -3.531497 -2.902685 -5.012312 -0.012908 -0.009794 -0.836912 0.547098 28
1679926932.586557 -3.471883 -2.941180 -5.011768 -0.012512 -0.010294 -0.857759 0.513797 29
1679926934.593040 -3.643814 -3.381945 -4.996443 0.012245 0.010611 0.870488 -0.491923 30
1679926935.491529 -4.150033 -4.064445 -4.970008 0.010903 0.011986 0.922123 -0.386558 31
1679926936.695188 -4.451330 -4.739774 -4.946172 -0.012838 -0.009885 -0.840121 0.542157 32
1679926937.291092 -4.439256 -4.772075 -4.945337 -0.012503 -0.010305 -0.857558 0.514131 33
1679926938.692512 -4.422331 -4.784306 -4.945084 -0.012498 -0.010311 -0.857621 0.514028 34
1679926939.892231 -4.762975 -5.215726 -4.928229 -0.013086 -0.009554 -0.825717 0.563852 35
1679926940.493445 -5.009580 -5.705464 -4.910532 -0.013157 -0.009457 -0.820908 0.570831 36
1679926941.991748 -5.407092 -6.579728 -4.879429 -0.012458 -0.010359 -0.858651 0.512305 37
1679926943.093313 -5.381173 -6.603443 -4.879012 -0.012492 -0.010319 -0.857189 0.514747 38
1679926943.991870 -5.417387 -6.703325 -4.875546 -0.012662 -0.010110 -0.848667 0.528680 39
1679926944.892939 -5.768418 -7.407680 -4.850224 0.011849 0.011051 0.886395 -0.462646 40
1679926945.792642 -6.338568 -8.008856 -4.825725 0.009743 0.012946 0.952852 -0.303003 41
1679926946.392462 -6.569799 -8.181763 -4.817936 0.009865 0.012853 0.949940 -0.312011 42
1679926947.292335 -6.631273 -8.230894 -4.815705 0.009779 0.012919 0.952050 -0.305512 43
1679926949.192737 -6.996344 -8.439921 -4.805470 0.009678 0.012995 0.954206 -0.298712 44
1679926950.392415 -7.939586 -9.104182 -4.775159 0.009635 0.013027 0.954708 -0.297103 45
1679926950.892810 -8.304554 -9.355602 -4.763653 0.009792 0.012909 0.950842 -0.309251 46
1679926952.092580 -8.390478 -9.433432 -4.760376 0.009765 0.012929 0.951454 -0.307365 47
1679926953.393177 -8.492496 -9.512000 -4.756836 0.009744 0.012945 0.951939 -0.305860 48
1679926954.092505 -9.014317 -9.862065 -4.740540 0.009771 0.012925 0.951217 -0.308098 49
1679926954.692366 -9.502963 -10.210181 -4.724520 0.009729 0.012957 0.951909 -0.305952 50
1679926955.593486 -10.006542 -10.583741 -4.707037 0.010012 0.012739 0.945277 -0.325866 51
1679926957.892051 -10.087867 -10.722558 -4.702481 0.010722 0.012148 0.924590 -0.380620 52
1679926958.594241 -10.417230 -11.200063 -4.684139 0.011648 0.011263 0.891524 -0.452683 53
1679926959.892116 -11.084528 -12.142264 -4.648052 0.012162 0.010706 0.868718 -0.495042 54
1679926960.693843 -11.169725 -12.293246 -4.642535 -0.012261 -0.010592 -0.864127 0.503013 55
1679926961.693060 -11.177547 -12.309732 -4.641917 -0.012263 -0.010591 -0.864109 0.503044 56
1679926962.193381 -11.192398 -12.343289 -4.640724 -0.012269 -0.010583 -0.863715 0.503720 57
1679926963.192744 -11.563460 -13.024209 -4.616004 -0.012379 -0.010455 -0.858209 0.513044 58
1679926963.893491 -11.897989 -13.617845 -4.594380 -0.012278 -0.010573 -0.862522 0.505760 59
1679926964.393832 -12.069342 -13.904916 -4.583783 -0.012237 -0.010620 -0.864456 0.502448 60
1679926965.693092 -12.121953 -14.071179 -4.578146 -0.012242 -0.010614 -0.864183 0.502918 61
1679926967.493993 -12.152701 -14.135234 -4.575868 -0.012292 -0.010556 -0.861720 0.507125 63
1679926968.892851 -12.753927 -15.222021 -4.536393 -0.012235 -0.010622 -0.863618 0.503886 64
1679926969.993094 -13.087026 -15.799932 -4.515209 -0.012227 -0.010632 -0.863840 0.503506 65
1679926971.093275 -13.104881 -15.868689 -4.512927 -0.012227 -0.010632 -0.863768 0.503630 66
1679926973.394534 -13.528986 -16.777609 -4.480713 -0.013115 -0.009514 -0.815620 0.578361 68
1679926975.293744 -14.098304 -17.647308 -4.448198 -0.012195 -0.010668 -0.864430 0.502493 69
1679926976.493506 -14.105825 -17.667995 -4.447430 -0.012218 -0.010642 -0.863559 0.503987 70
1679926977.993136 -14.370821 -18.248903 -4.426923 0.011510 0.011404 0.893802 -0.448168 71
1679926978.794724 -14.758456 -18.891802 -4.403144 0.011827 0.011075 0.880745 -0.473313 72
1679926979.894918 -15.099525 -19.386734 -4.384353 -0.012201 -0.010661 -0.863719 0.503713 73
1679926980.594324 -15.075140 -19.410408 -4.384153 -0.012188 -0.010677 -0.864413 0.502522 74
1679926981.494113 -15.069298 -19.413595 -4.383837 0.012082 0.010796 0.869384 -0.493871 75
1679926982.993741 -15.591245 -20.264158 -4.352081 -0.012201 -0.010661 -0.863550 0.504002 76
1679926983.994329 -16.014771 -21.037466 -4.323498 -0.012198 -0.010664 -0.863657 0.503820 77
1679926984.594190 -16.099903 -21.169144 -4.318539 -0.012195 -0.010669 -0.863836 0.503513 78
1679926985.994351 -16.069094 -21.179995 -4.318520 -0.012189 -0.010675 -0.863929 0.503353 79
1679926986.594223 -16.103342 -21.238295 -4.316370 -0.012191 -0.010673 -0.863583 0.503946 80
1679926987.893433 -16.686985 -22.209620 -4.280558 -0.012182 -0.010684 -0.862872 0.505163 81
1679926988.594087 -16.953775 -22.745575 -4.261354 -0.012174 -0.010693 -0.863093 0.504785 82
1679926989.293523 -17.070417 -22.923801 -4.254634 -0.012210 -0.010651 -0.862222 0.506271 83
1679926989.894672 -17.065104 -22.956200 -4.253747 -0.012185 -0.010680 -0.862532 0.505742 84
1679926991.193879 -17.076204 -23.005426 -4.252097 -0.012212 -0.010649 -0.861174 0.508051 86
1679926992.494567 -17.389994 -23.727032 -4.226707 0.011085 0.011817 0.907564 -0.419600 87
1679926993.192542 -17.704901 -24.116894 -4.211377 0.009269 0.013290 0.958796 -0.283633 88
1679926993.891924 -18.015148 -24.486235 -4.196926 0.009604 0.013050 0.950871 -0.309163 89
1679926994.501825 -18.086170 -24.619732 -4.192120 -0.012157 -0.010711 -0.863641 0.503847 90
1679926995.199852 -18.089010 -24.661119 -4.190681 0.011817 0.011086 0.879357 -0.475887 91
1679926996.600031 -18.089657 -24.687601 -4.189997 0.011713 0.011195 0.883400 -0.468340 92
1679926997.299372 -18.186079 -24.790821 -4.185715 0.011670 0.011240 0.885580 -0.464205 93
1679926998.001461 -18.575008 -25.227665 -4.168405 0.011879 0.011019 0.876183 -0.481707 94
1679926998.698155 -18.938307 -25.786110 -4.147556 -0.012478 -0.010336 -0.846612 0.531964 95
1679926999.401503 -19.133879 -26.288212 -4.130145 -0.012847 -0.009874 -0.826700 0.562409 96
1679927000.098233 -19.146061 -26.366234 -4.127629 -0.012143 -0.010728 -0.862955 0.505020 97
1679927001.499664 -19.134192 -26.385557 -4.127126 0.012031 0.010852 0.868243 -0.495874 98
1679927002.200401 -19.143381 -26.418764 -4.126025 -0.012089 -0.010788 -0.865477 0.500687 99
1679927003.499688 -19.612375 -27.367737 -4.092024 -0.012459 -0.010359 -0.847722 0.530193 100
1679927004.200426 -19.976208 -27.910183 -4.071604 -0.012745 -0.010005 -0.831506 0.555279 101
1679927005.599104 -20.152937 -28.227329 -4.060098 -0.012115 -0.010759 -0.863498 0.504092 102
1679927006.299828 -20.162609 -28.241018 -4.059584 -0.012099 -0.010777 -0.864224 0.502847 103
1679927007.600403 -20.189676 -28.317844 -4.057009 0.011775 0.011130 0.878641 -0.477207 105
1679927008.298476 -20.378370 -28.747816 -4.041811 0.011584 0.011329 0.886534 -0.462380 106
1679927008.899673 -20.643511 -29.226851 -4.024406 0.011547 0.011366 0.887278 -0.460950 107
1679927009.699952 -21.024223 -29.792469 -4.003309 0.011892 0.011005 0.872202 -0.488878 108
1679927010.400617 -21.149996 -29.982128 -3.996170 0.011992 0.010895 0.867584 -0.497026 109
1679927011.099959 -21.139790 -29.993244 -3.995872 0.011997 0.010891 0.867578 -0.497038 110
1679927013.200855 -21.252649 -30.370115 -3.983179 -0.012443 -0.010378 -0.845711 0.533395 113
1679927013.900172 -21.535286 -30.985868 -3.961388 -0.012335 -0.010506 -0.850611 0.525546 114
1679927014.599643 -21.874798 -31.497879 -3.942201 -0.012312 -0.010533 -0.854590 0.519050 115
1679927015.300357 -22.057695 -31.746557 -3.932667 -0.012075 -0.010804 -0.865665 0.500361 116
1679927015.999661 -22.086189 -31.800138 -3.930915 -0.012007 -0.010879 -0.865559 0.500545 117
1679927016.700369 -22.091036 -31.807199 -3.930563 -0.012028 -0.010856 -0.865269 0.501047 118
1679927017.399769 -22.107195 -31.833326 -3.929507 -0.012089 -0.010789 -0.864834 0.501796 119
1679927018.700426 -22.511560 -32.648685 -3.900413 0.011405 0.011509 0.892077 -0.451593 120
1679927019.399715 -22.860851 -33.195854 -3.880085 0.011521 0.011393 0.887471 -0.460579 121
1679927019.999582 -23.084827 -33.464989 -3.869533 -0.012061 -0.010819 -0.863770 0.503626 122
1679927020.700267 -23.105152 -33.516270 -3.867770 0.011963 0.010928 0.868318 -0.495744 123
1679927021.999401 -23.125776 -33.566238 -3.866019 0.011828 0.011074 0.874270 -0.485169 124
1679927023.199071 -23.752316 -34.315601 -3.836707 0.010929 0.011962 0.908760 -0.417005 125
1679927023.901006 -24.060486 -34.868694 -3.816527 0.011935 0.010959 0.868161 -0.496018 126
1679927024.500815 -24.178885 -35.189350 -3.805544 0.011738 0.011170 0.877212 -0.479831 127
1679927025.699175 -24.200977 -35.269581 -3.802856 0.011959 0.010932 0.867369 -0.497401 128
1679927026.999635 -24.177305 -35.305626 -3.801963 0.011953 0.010939 0.867634 -0.496940 129
1679927028.898527 -24.396193 -35.579636 -3.791340 0.011829 0.011073 0.873026 -0.487405 131
1679927029.599194 -24.758047 -36.146141 -3.770294 -0.012038 -0.010846 -0.863133 0.504717 132
1679927030.198936 -24.999367 -36.641693 -3.752626 -0.012291 -0.010558 -0.850479 0.525760 133
1679927032.399163 -25.169226 -37.119209 -3.736283 0.011909 0.010986 0.868361 -0.495667 134
1679927032.899439 -25.192059 -37.146923 -3.735153 0.011888 0.011009 0.869186 -0.494220 135
1679927033.799124 -25.601994 -37.683456 -3.714597 0.011582 0.011331 0.882269 -0.470467 136
1679927034.799766 -26.105623 -38.491127 -3.684734 0.011559 0.011354 0.882548 -0.469944 137
1679927035.698209 -26.296633 -38.793907 -3.673529 0.010923 0.011967 0.906873 -0.421092 138
1679927036.299284 -26.281576 -38.804493 -3.673361 0.010959 0.011935 0.905704 -0.423602 139
1679927037.898320 -26.311287 -38.847275 -3.671813 0.010964 0.011930 0.905585 -0.423855 140
1679927038.498285 -26.609175 -39.145554 -3.659646 0.010895 0.011993 0.907868 -0.418943 141
1679927039.699087 -27.329594 -40.041798 -3.624940 0.011038 0.011862 0.902414 -0.430566 142
1679927040.799235 -27.564657 -40.373730 -3.612380 0.010942 0.011950 0.905678 -0.423657 143
1679927041.399098 -27.556213 -40.392006 -3.611881 0.010950 0.011943 0.905408 -0.424234 144
1679927042.698236 -27.606787 -40.481647 -3.608632 0.011043 0.011857 0.902051 -0.431326 146
1679927043.998838 -28.306231 -41.416168 -3.572959 -0.012072 -0.010807 -0.858818 0.512024 147
1679927045.497004 -28.597778 -41.785706 -3.558628 -0.013763 -0.008551 -0.757666 0.652442 148
1679927046.498874 -28.585320 -41.797340 -3.558422 -0.013734 -0.008597 -0.759712 0.650058 149
1679927047.597833 -28.585146 -42.063972 -3.550205 -0.014357 -0.007510 -0.706544 0.707484 150
1679927048.599721 -28.636114 -42.413284 -3.538923 -0.015122 -0.005818 -0.621089 0.783572 151
1679927050.598163 -28.633118 -42.453632 -3.537670 -0.015063 -0.005971 -0.629198 0.777076 152
1679927051.597588 -28.332647 -43.035275 -3.522600 -0.016012 -0.002479 -0.440166 0.897770 153
1679927052.100379 -28.274435 -43.217648 -3.517707 -0.016186 -0.000747 -0.341055 0.939904 154
1679927053.499111 -28.218910 -43.279415 -3.516142 -0.016104 -0.001784 -0.401531 0.915702 155
1679927054.900105 -28.022690 -43.410927 -3.514020 -0.016187 -0.000705 -0.338923 0.940675 157
1679927056.200580 -27.058599 -44.157429 -3.500190 -0.016199 -0.000368 -0.318860 0.947663 158
1679927056.899955 -26.645309 -44.427578 -3.495809 -0.016191 0.000608 -0.261122 0.965170 159
1679927058.299933 -26.535141 -44.469700 -3.495656 -0.016195 0.000515 -0.266787 0.963619 160
1679927058.899698 -26.533951 -44.470131 -3.495600 -0.016194 0.000538 -0.265574 0.963954 161
1679927059.599111 -26.284191 -44.609711 -3.493637 -0.016143 0.001391 -0.214047 0.976689 162
1679927060.301158 -25.693752 -44.917210 -3.489857 -0.016101 0.001812 -0.188492 0.981941 163
1679927061.600322 -24.819614 -45.316574 -3.485902 -0.016162 0.001153 -0.228364 0.973441 164
1679927062.299669 -24.740110 -45.333313 -3.486136 -0.016158 0.001208 -0.225510 0.974106 165
1679927063.000403 -24.719109 -45.343166 -3.486052 -0.016158 0.001198 -0.225552 0.974096 166
1679927064.299618 -24.562817 -45.438763 -3.484587 -0.016159 0.001191 -0.226181 0.973951 167
1679927065.000315 -24.210752 -45.654041 -3.481360 -0.016156 0.001228 -0.222156 0.974876 168
1679927065.699658 -23.801224 -45.805126 -3.480528 -0.016184 0.000770 -0.252431 0.967479 169
1679927067.000213 -23.518797 -45.868465 -3.481543 -0.016144 0.001384 -0.211202 0.977308 170
1679927067.699553 -23.552223 -45.912888 -3.479935 -0.016139 0.001431 -0.207764 0.978045 171
1679927068.400290 -23.547194 -45.958649 -3.478205 -0.016132 0.001516 -0.207363 0.978130 172
1679927069.099607 -23.515963 -45.969944 -3.478340 -0.016137 0.001455 -0.208443 0.977900 173
1679927069.699465 -23.506971 -45.967022 -3.478397 -0.016137 0.001462 -0.210164 0.977532 174
1679927070.397546 -23.428677 -45.994347 -3.478447 -0.015859 0.003321 -0.092881 0.995545 175
1679927071.798866 -23.218540 -45.991196 -3.480667 -0.014741 0.006725 0.129094 0.991500 176
1679927072.499537 -23.180988 -45.983276 -3.481241 -0.014755 0.006696 0.126805 0.991795 177
1679927073.798789 -23.146805 -45.957062 -3.482347 -0.014735 0.006738 0.130006 0.991381 178
1679927074.502185 -22.808424 -45.740303 -3.492313 -0.013437 0.009054 0.290043 0.956876 179
1679927075.902209 -22.259306 -45.504787 -3.504866 -0.012119 0.010754 0.413691 0.910273 180
1679927076.498071 -22.200842 -45.472881 -3.506302 -0.012747 0.010002 0.357736 0.933682 181
1679927077.200160 -22.192020 -45.465950 -3.506625 -0.012747 0.010002 0.358129 0.933532 182
1679927078.499336 -22.192286 -45.463596 -3.506737 -0.012645 0.010131 0.367997 0.929686 183
1679927079.099144 -22.193720 -45.462090 -3.506782 -0.012560 0.010236 0.375739 0.926584 184
1679927080.500506 -22.010778 -44.918736 -3.525321 -0.010208 0.012583 0.556308 0.830818 185
1679927081.199936 -21.836082 -44.308056 -3.545892 -0.009303 0.013266 0.613367 0.789632 186
1679927082.499142 -21.509808 -43.611206 -3.570698 -0.008822 0.013591 0.641614 0.766856 187
1679927083.199872 -21.496634 -43.573143 -3.572104 -0.008814 0.013595 0.641547 0.766913 188
1679927083.799719 -21.502026 -43.564789 -3.572138 -0.008821 0.013591 0.641411 0.767026 189
1679927085.798291 -21.305738 -42.899078 -3.594692 -0.009933 0.012801 0.574718 0.818191 191
1679927087.098795 -20.930037 -41.749920 -3.633825 -0.009592 0.013058 0.596040 0.802791 192
1679927087.799523 -20.867277 -41.582771 -3.639574 -0.009491 0.013132 0.602195 0.798185 193
1679927088.399344 -20.885551 -41.577801 -3.639555 -0.009508 0.013120 0.601245 0.798901 194
1679927090.500170 -20.912075 -40.893131 -3.660503 -0.007602 0.014309 0.705862 0.708164 196
1679927091.099981 -20.932837 -40.324409 -3.677888 -0.007311 0.014459 0.720051 0.693732 197
1679927091.698537 -20.944826 -39.797722 -3.694040 -0.006745 0.014732 0.746221 0.665502 198
1679927092.999034 -20.970657 -39.554298 -3.701372 -0.006400 0.014885 0.761625 0.647815 199
1679927094.200119 -20.973951 -39.490532 -3.703299 -0.006379 0.014894 0.762542 0.646736 200
1679927095.497990 -20.965729 -38.386745 -3.737518 -0.007992 0.014095 0.686295 0.727143 201
1679927096.100503 -20.924995 -37.821583 -3.755263 -0.008618 0.013721 0.653153 0.757052 202
1679927096.699027 -20.896000 -37.534306 -3.764477 -0.009072 0.013425 0.627382 0.778543 203
1679927097.300145 -20.909302 -37.523914 -3.764726 -0.009008 0.013468 0.630899 0.775696 204
1679927099.099701 -20.863646 -37.362343 -3.770103 -0.009213 0.013329 0.619181 0.785081 206
1679927099.699559 -20.705347 -36.832275 -3.788033 -0.009416 0.013186 0.607097 0.794463 207
1679927100.299372 -20.546465 -36.262810 -3.807137 -0.009508 0.013120 0.601770 0.798505 208
1679927101.396871 -20.343355 -35.588085 -3.830004 -0.010911 0.011978 0.508816 0.860723 209
1679927102.000722 -20.356869 -35.575191 -3.830269 -0.010716 0.012153 0.522656 0.852390 210
1679927102.698816 -20.367533 -35.574261 -3.830198 -0.010720 0.012150 0.522827 0.852285 211
1679927104.498256 -20.085949 -35.088894 -3.847831 -0.013828 0.008445 0.247706 0.968700 213
1679927105.096746 -20.057966 -35.007957 -3.850625 -0.013939 0.008260 0.235111 0.971834 214
1679927105.700620 -20.041325 -34.956673 -3.852462 -0.013691 0.008665 0.263470 0.964531 215
1679927106.898876 -20.043633 -34.917850 -3.853629 -0.013685 0.008675 0.263776 0.964448 216
1679927108.098719 -20.041681 -34.901718 -3.854139 -0.013668 0.008702 0.265849 0.963879 218
1679927108.698418 -19.946472 -34.775238 -3.858922 -0.011893 0.011004 0.433879 0.900826 219
1679927109.400558 -19.915533 -34.666782 -3.862551 -0.009225 0.013320 0.618755 0.785417 220
1679927110.397194 -19.889420 -34.616318 -3.864346 -0.010119 0.012655 0.563255 0.826124 221
1679927111.599426 -19.886700 -34.613472 -3.864428 -0.010036 0.012720 0.568577 0.822470 223
1679927112.199254 -19.864807 -34.561291 -3.866266 -0.010062 0.012700 0.567061 0.823516 224
1679927112.898655 -19.591738 -34.106300 -3.883006 -0.010578 0.012274 0.532344 0.846373 225
1679927114.199155 -19.083065 -33.040798 -3.921021 -0.010786 0.012091 0.516540 0.856110 226
1679927114.699471 -18.978567 -32.824764 -3.928731 -0.010997 0.011899 0.501570 0.864965 227
1679927115.497858 -18.968874 -32.770451 -3.930561 -0.010952 0.011941 0.503879 0.863622 228
1679927116.596660 -18.965063 -32.738640 -3.931535 -0.011013 0.011885 0.499006 0.866447 229
1679927117.197795 -18.771729 -32.442631 -3.942570 -0.010969 0.011926 0.503327 0.863944 230
1679927117.797665 -18.484854 -31.917826 -3.961688 -0.010915 0.011974 0.506502 0.862087 231
1679927118.697423 -18.106340 -31.220636 -3.987143 -0.010999 0.011897 0.500412 0.865636 232
1679927120.197070 -17.953903 -30.968462 -3.996439 -0.010960 0.011933 0.503019 0.864124 233
1679927121.797472 -17.820692 -30.668467 -4.007035 -0.010831 0.012051 0.512366 0.858614 234
1679927122.896443 -17.271683 -29.751362 -4.040647 -0.011039 0.011861 0.497485 0.867321 235
1679927123.997771 -16.961586 -29.230251 -4.059552 -0.010968 0.011926 0.502911 0.864186 236
1679927125.596915 -16.934628 -29.164366 -4.061918 -0.010979 0.011916 0.502223 0.864586 237
1679927126.697067 -16.846094 -28.987703 -4.068336 -0.010852 0.012032 0.510879 0.859500 238
1679927127.197407 -16.626612 -28.577921 -4.083029 -0.010865 0.012020 0.510247 0.859875 239
1679927128.196674 -16.140678 -27.754324 -4.113128 -0.011000 0.011897 0.500578 0.865540 240
1679927128.697063 -15.992240 -27.469122 -4.123276 -0.011019 0.011879 0.499162 0.866357 241
1679927129.797240 -15.958260 -27.388287 -4.126146 -0.010975 0.011920 0.501950 0.864745 242
1679927131.197258 -15.935210 -27.352362 -4.127518 -0.010958 0.011935 0.503397 0.863903 244
1679927131.896602 -15.675232 -26.944782 -4.142588 -0.010957 0.011936 0.503505 0.863840 245
1679927132.596020 -15.348495 -26.331226 -4.164677 -0.010950 0.011943 0.504049 0.863523 246
1679927133.197137 -15.076469 -25.851110 -4.182131 -0.010671 0.012192 0.523764 0.851709 247
1679927133.897866 -14.948613 -25.647579 -4.189630 -0.010504 0.012337 0.535841 0.844163 248
1679927135.197059 -14.973845 -25.630823 -4.189955 -0.010502 0.012338 0.535661 0.844278 249
1679927135.896469 -14.974315 -25.609581 -4.190598 -0.010500 0.012340 0.535940 0.844101 250
1679927136.597197 -14.911879 -25.215837 -4.203365 -0.009116 0.013395 0.623232 0.781869 251
1679927137.196980 -14.752501 -24.649870 -4.222394 -0.008742 0.013642 0.644614 0.764337 252
1679927138.496255 -14.412256 -23.792702 -4.252097 -0.008396 0.013858 0.663612 0.747902 253
1679927139.097371 -14.404534 -23.715990 -4.254550 -0.008408 0.013851 0.662994 0.748449 254
1679927139.697260 -14.402480 -23.695429 -4.255164 -0.008405 0.013852 0.663050 0.748400 255
1679927141.995796 -14.255138 -23.094774 -4.275176 -0.009732 0.012954 0.586021 0.810134 257
1679927143.296261 -13.866941 -21.951015 -4.314196 -0.010365 0.012454 0.544475 0.838620 258
1679927143.996995 -13.780142 -21.728313 -4.321906 -0.010571 0.012279 0.529927 0.847888 259
1679927144.697720 -13.804812 -21.705664 -4.322400 -0.010552 0.012296 0.531617 0.846830 260
1679927145.397154 -13.811902 -21.703632 -4.322414 -0.010588 0.012265 0.529259 0.848306 261
1679927146.096442 -13.777401 -21.642036 -4.324705 -0.010658 0.012204 0.524463 0.851279 262
1679927146.797285 -13.476342 -21.154854 -4.342618 -0.010876 0.012010 0.508798 0.860733 263
1679927148.197264 -12.866014 -20.059320 -4.382411 -0.011106 0.011798 0.491284 0.870849 264
1679927148.797140 -12.784946 -19.949947 -4.386539 -0.011139 0.011767 0.488660 0.872324 265
1679927149.496520 -12.806656 -19.932014 -4.386933 -0.011130 0.011776 0.489192 0.872026 266
1679927150.197279 -12.812183 -19.926359 -4.387030 -0.011127 0.011778 0.489285 0.871973 267
1679927151.496499 -12.457185 -19.358047 -4.408123 -0.011226 0.011684 0.481926 0.876062 268
1679927152.296728 -12.030993 -18.738756 -4.431805 -0.011325 0.011588 0.473567 0.880608 269
1679927152.997403 -11.795582 -18.344608 -4.446330 -0.013193 0.009406 0.310571 0.950412 270
1679927153.695477 -11.750921 -18.263384 -4.449263 -0.012933 0.009760 0.336314 0.941611 271
1679927154.397493 -11.739105 -18.242594 -4.450032 -0.012873 0.009839 0.342298 0.939452 272
1679927155.096887 -11.738664 -18.240141 -4.450129 -0.012880 0.009830 0.341800 0.939633 273
1679927155.797557 -11.715801 -18.232170 -4.450633 -0.012897 0.009808 0.339728 0.940384 274
1679927157.195071 -11.215797 -18.029924 -4.462390 -0.015512 0.004680 -0.012710 0.999788 275
1679927157.899688 -11.183039 -17.982122 -4.464196 -0.015207 0.005593 0.047557 0.998737 276
1679927158.596399 -11.148259 -17.943075 -4.465776 -0.015195 0.005624 0.049024 0.998666 277
1679927159.996555 -11.130587 -17.920685 -4.466652 -0.015188 0.005643 0.051122 0.998561 278
1679927160.796793 -11.001564 -17.928272 -4.467678 -0.015354 0.005175 0.020837 0.999652 279
1679927161.496167 -10.487929 -18.007666 -4.470284 -0.015894 0.003146 -0.109460 0.993859 280
1679927162.096083 -10.021996 -18.144766 -4.471395 -0.016169 0.001053 -0.240121 0.970608 281
1679927162.796689 -9.946218 -18.159096 -4.471646 -0.016152 0.001285 -0.225152 0.974189 282
1679927163.497414 -9.938191 -18.143448 -4.472206 -0.016147 0.001337 -0.221691 0.974983 283
1679927164.796683 -9.813393 -18.203487 -4.471484 -0.016174 0.000966 -0.243983 0.969644 284
1679927165.396595 -9.365424 -18.447535 -4.468402 -0.016181 0.000840 -0.252039 0.967581 285
1679927167.497346 -8.172163 -18.993429 -4.463262 -0.016039 0.002298 -0.164395 0.986262 286
1679927168.196654 -8.141931 -18.979647 -4.463982 -0.016037 0.002309 -0.163568 0.986399 287
1679927168.897318 -8.137218 -18.977797 -4.464367 -0.016024 0.002403 -0.149541 0.988623 288
1679927169.596798 -8.121753 -18.975563 -4.464287 -0.016022 0.002411 -0.157142 0.987443 289
1679927170.296213 -7.780797 -19.007771 -4.466655 -0.015218 0.005564 0.043248 0.998933 290
1679927171.099080 -7.495665 -19.036743 -4.468519 -0.014236 0.007737 0.189447 0.981757 291
1679927171.794517 -7.448624 -19.038166 -4.468946 -0.014632 0.006959 0.136263 0.990540 292
1679927173.197203 -7.434222 -19.032001 -4.469294 -0.014641 0.006940 0.134931 0.990723 294
1679927173.896601 -7.265382 -18.951513 -4.473401 -0.012679 0.010089 0.356882 0.934009 295
1679927174.683271 -7.214722 -18.921507 -4.474798 -0.011985 0.010904 0.417131 0.908702 296
1679927176.080686 -7.218857 -18.916014 -4.474915 -0.012244 0.010612 0.394994 0.918541 297
1679927176.780131 -7.219437 -18.917150 -4.474909 -0.012232 0.010626 0.396677 0.917815 298
1679927178.182814 -7.034245 -18.299389 -4.495799 -0.009494 0.013130 0.594550 0.803896 299
1679927178.878205 -6.762327 -17.754808 -4.515409 -0.010873 0.012013 0.503033 0.864115 300
1679927179.581581 -6.558338 -17.235800 -4.533435 -0.010138 0.012639 0.553124 0.832942 301
1679927181.079889 -6.537041 -16.967890 -4.541960 -0.009276 0.013285 0.607655 0.794036 302
1679927181.780584 -6.539086 -16.949680 -4.542521 -0.009284 0.013279 0.607440 0.794201 303
1679927182.580845 -6.527140 -16.928278 -4.543299 -0.009326 0.013250 0.604899 0.796138 304
1679927183.280186 -6.326455 -16.595371 -4.555534 -0.009764 0.012930 0.577653 0.816122 305
1679927184.681542 -6.107320 -15.512890 -4.591122 -0.005284 0.015317 0.801281 0.598069 306
1679927185.380962 -6.131703 -15.383326 -4.594915 -0.005168 0.015356 0.806106 0.591549 307
1679927185.979407 -6.151023 -15.387903 -4.594571 -0.005418 0.015270 0.796139 0.604896 308
1679927187.379488 -6.161047 -15.389989 -4.594398 -0.005486 0.015246 0.793622 0.608195 309
1679927188.179771 -6.297143 -15.104821 -4.601933 -0.003604 0.015797 0.861336 0.507778 310
1679927188.879094 -6.487401 -14.613583 -4.615296 -0.000974 0.016173 0.932966 0.359600 311
1679927189.680685 -6.539309 -14.475030 -4.619068 -0.001041 0.016169 0.931445 0.363521 312
1679927190.780804 -6.565816 -14.465896 -4.619109 -0.001140 0.016163 0.929163 0.369315 313
1679927191.579766 -6.575266 -14.458421 -4.619238 -0.001045 0.016169 0.931366 0.363724 314
1679927192.880383 -7.298374 -13.797075 -4.632573 -0.001126 0.016164 0.929433 0.368634 315
1679927194.278978 -7.999334 -13.138558 -4.645921 -0.004652 0.015520 0.825293 0.564472 316
1679927195.282317 -8.044847 -13.089210 -4.646929 -0.004019 0.015696 0.847166 0.531081 317
1679927196.580155 -8.046375 -13.087004 -4.647033 -0.004158 0.015660 0.842987 0.537690 318
1679927197.181377 -8.078135 -12.955812 -4.650739 -0.005468 0.015252 0.794044 0.607644 319
1679927198.680916 -8.221762 -12.476066 -4.664011 -0.008085 0.014041 0.674182 0.738387 320
1679927200.081288 -8.236729 -12.464417 -4.664357 -0.008017 0.014080 0.677388 0.735448 321
1679927201.178497 -7.973328 -11.823631 -4.686673 -0.010138 0.012639 0.552961 0.833050 322
1679927201.978640 -7.795758 -11.355881 -4.702940 -0.012302 0.010545 0.388926 0.921126 324
1679927203.280632 -7.811619 -11.339069 -4.703285 -0.011587 0.011326 0.448517 0.893627 325
1679927204.680613 -7.703679 -11.219015 -4.708050 -0.011728 0.011179 0.437074 0.899280 326
1679927205.979934 -6.883054 -10.279959 -4.745152 -0.011994 0.010894 0.414707 0.909811 327
1679927206.480233 -6.622585 -9.965672 -4.757458 -0.012097 0.010779 0.406485 0.913514 328
1679927207.380208 -6.479725 -9.821660 -4.763204 -0.012123 0.010750 0.404593 0.914353 329
1679927207.880435 -6.491339 -9.807615 -4.763561 -0.012119 0.010755 0.404925 0.914206 330
1679927209.080152 -6.484780 -9.757902 -4.765169 -0.012058 0.010823 0.409872 0.911999 331
1679927209.981336 -6.164453 -9.159431 -4.786863 -0.010858 0.012026 0.503135 0.864056 332
1679927210.979364 -5.675539 -8.389330 -4.815748 -0.010708 0.012160 0.513847 0.857729 334
1679927211.481045 -5.527878 -8.160209 -4.824065 -0.010731 0.012140 0.512175 0.858728 335
1679927212.980733 -5.495908 -8.079313 -4.826894 -0.010716 0.012153 0.513281 0.858068 336
1679927214.180723 -5.416625 -7.891467 -4.833661 -0.010328 0.012484 0.540277 0.841331 337
1679927214.879916 -5.145663 -7.326138 -4.853744 -0.010467 0.012368 0.531296 0.847032 338
1679927215.580838 -4.770720 -6.778402 -4.874523 -0.010714 0.012155 0.515575 0.856691 339
1679927216.281396 -4.513898 -6.425190 -4.887932 -0.010746 0.012127 0.513528 0.857920 340
1679927217.080274 -4.465679 -6.316720 -4.891736 -0.010746 0.012126 0.513782 0.857768 341
1679927217.781101 -4.483958 -6.305659 -4.891961 -0.010741 0.012131 0.514007 0.857633 342
1679927219.881939 -4.451725 -5.751540 -4.909307 -0.008419 0.013844 0.657578 0.753212 344
1679927220.581354 -4.289031 -5.235255 -4.926662 -0.010379 0.012442 0.537778 0.842931 345
1679927221.279482 -3.930588 -4.821987 -4.942949 -0.011581 0.011332 0.448619 0.893576 346
1679927222.679580 -3.576931 -4.512365 -4.956003 -0.010674 0.012190 0.515340 0.856833 347
1679927222.679580 -3.577187 -4.512330 -4.956003 -0.010675 0.012189 0.515370 0.856815 348
1679927223.981606 -3.591915 -4.502954 -4.956152 -0.010737 0.012135 0.510997 0.859430 349
1679927224.680938 -3.525357 -4.384142 -4.960479 -0.010789 0.012088 0.507556 0.861466 350
1679927225.381641 -3.209843 -3.839695 -4.980554 -0.010877 0.012010 0.501589 0.864954 351
1679927225.980172 -2.892352 -3.319422 -5.000241 -0.010824 0.012057 0.507151 0.861705 352
1679927226.780469 -2.634984 -2.766022 -5.019984 -0.010798 0.012080 0.510241 0.859879 353
1679927227.380347 -2.602417 -2.700284 -5.022362 -0.010832 0.012049 0.507674 0.861397 354
1679927228.780454 -2.620376 -2.678497 -5.022860 -0.010817 0.012063 0.508368 0.860988 355
1679927230.180601 -2.330556 -2.232631 -5.039507 -0.010861 0.012024 0.505711 0.862551 356
1679927230.881289 -1.998266 -1.628470 -5.061305 -0.010833 0.012049 0.506479 0.862100 357
1679927231.580712 -1.735199 -1.101521 -5.080147 -0.010792 0.012085 0.508993 0.860618 358
1679927232.281418 -1.623734 -0.905796 -5.087275 -0.010769 0.012106 0.510473 0.859741 359
1679927232.980766 -1.639030 -0.878425 -5.087958 -0.010770 0.012105 0.510445 0.859758 360
1679927235.181205 -1.210287 -0.141269 -5.114873 -0.010820 0.012061 0.505978 0.862394 362
1679927235.887411 -0.885791 0.457502 -5.136569 -0.010808 0.012071 0.505763 0.862520 363
1679927236.588123 -0.681345 0.868258 -5.151134 -0.010749 0.012124 0.509659 0.860224 364
1679927237.287526 -0.655406 0.922612 -5.153113 -0.010764 0.012111 0.508666 0.860812 365
1679927237.988232 -0.659980 0.935230 -5.153473 -0.010760 0.012114 0.508898 0.860674 366
1679927239.388419 -0.583841 1.092269 -5.159081 -0.010753 0.012120 0.509452 0.860347 367
1679927240.087750 -0.269699 1.660082 -5.179689 -0.010743 0.012129 0.510336 0.859823 368
1679927240.788461 0.065235 2.251901 -5.201273 -0.010753 0.012120 0.510337 0.859822 369
1679927241.388314 0.249168 2.624557 -5.214539 -0.010808 0.012071 0.506714 0.861962 370
1679927242.087768 0.274725 2.724689 -5.217897 -0.010780 0.012096 0.508507 0.860906 371
1679927243.388307 0.287555 2.744124 -5.218666 -0.010763 0.012111 0.509718 0.860189 372
1679927244.687626 0.614463 3.287954 -5.238647 -0.010807 0.012072 0.506900 0.861853 373
1679927246.087701 1.170286 4.379971 -5.277846 -0.010787 0.012090 0.509137 0.860533 374
1679927246.687574 1.259043 4.504054 -5.282672 -0.010789 0.012088 0.509175 0.860510 375
1679927247.288793 1.250342 4.535124 -5.283479 -0.010794 0.012083 0.508829 0.860715 376
1679927249.287360 1.552128 5.020717 -5.301447 -0.010825 0.012056 0.506760 0.861935 378
1679927249.988153 1.885584 5.621503 -5.323290 -0.010814 0.012066 0.508047 0.861177 379
1679927251.388178 2.215024 6.296589 -5.347334 -0.010817 0.012063 0.507986 0.861213 380
1679927252.087630 2.199135 6.322315 -5.348015 -0.010822 0.012059 0.507841 0.861298 381
1679927253.389550 2.308110 6.449719 -5.353050 -0.011483 0.011431 0.458691 0.888448 382
1679927254.087531 2.744005 6.907497 -5.371425 -0.011993 0.010895 0.417679 0.908450 383
1679927254.788251 3.184383 7.410882 -5.391295 -0.012140 0.010731 0.405488 0.913957 384
1679927255.487703 3.522664 7.787500 -5.406229 -0.013572 0.008850 0.268621 0.963110 385
1679927256.188322 3.538645 7.825552 -5.407534 -0.013282 0.009279 0.299078 0.954091 386
1679927256.889052 3.528224 7.834465 -5.407730 -0.013254 0.009320 0.301996 0.953172 387
1679927257.588548 3.525292 7.835511 -5.407732 -0.013262 0.009308 0.301175 0.953431 388
1679927258.287850 3.646798 7.932110 -5.411969 -0.013167 0.009442 0.310843 0.950323 389
1679927259.588410 4.686472 8.696612 -5.446703 -0.013233 0.009350 0.305348 0.952103 390
1679927260.287892 5.023039 8.947849 -5.457876 -0.013272 0.009294 0.301828 0.953225 391
1679927260.988622 5.066903 9.010133 -5.460248 -0.013266 0.009302 0.302422 0.953036 392
1679927261.687899 5.084230 9.028366 -5.460265 -0.013196 0.009163 0.302451 0.953030 393
1679927262.287769 5.084020 9.029721 -5.461057 -0.013272 0.009294 0.301984 0.953175 394
1679927264.287790 6.132114 9.755393 -5.494246 -0.013318 0.009228 0.299468 0.953969 395
1679927264.988426 6.577044 10.098842 -5.509402 -0.013295 0.009261 0.301947 0.953187 396
1679927266.287668 6.748554 10.222287 -5.514914 -0.013276 0.009288 0.303525 0.952686 397
1679927267.588216 6.856602 10.310240 -5.518584 -0.013290 0.009269 0.302395 0.953045 398
1679927268.188116 7.296730 10.627871 -5.532825 -0.013310 0.009239 0.300247 0.953724 399
1679927268.787935 7.741636 10.944736 -5.547396 -0.013309 0.009241 0.299730 0.953886 400
1679927269.387864 8.154737 11.215029 -5.559924 -0.013285 0.009275 0.301512 0.953325 401
1679927272.487884 8.379288 11.413683 -5.568404 -0.013243 0.009336 0.305427 0.952078 402
1679927273.288071 8.826007 11.702826 -5.582018 -0.013222 0.009366 0.306215 0.951825 403
1679927274.388294 9.643353 12.318197 -5.609792 -0.013230 0.009353 0.301572 0.953306 404
1679927274.888559 9.930756 12.534570 -5.619321 -0.013235 0.009346 0.300282 0.953713 405
1679927276.288641 9.965826 12.591191 -5.621513 -0.013254 0.009319 0.298073 0.954405 406
1679927277.387601 9.962232 12.596583 -5.621684 -0.013280 0.009282 0.295750 0.955128 407
1679927277.887777 10.074578 12.694509 -5.625811 -0.013098 0.009538 0.313695 0.949386 408
1679927279.188379 11.024404 13.450322 -5.659121 -0.012851 0.009868 0.333101 0.942752 409
1679927279.788179 11.371280 13.706980 -5.670742 -0.012838 0.009885 0.333922 0.942462 410
1679927280.288496 11.469493 13.814106 -5.675064 -0.012825 0.009902 0.335401 0.941936 411
1679927281.688588 11.516833 13.867522 -5.677240 -0.012835 0.009889 0.333915 0.942464 412
1679927282.787473 11.568720 13.912074 -5.678999 -0.012793 0.009944 0.337698 0.941115 413
1679927283.587645 12.012358 14.289460 -5.695218 -0.012791 0.009946 0.337656 0.941130 414
1679927284.088104 12.299496 14.536205 -5.705769 -0.013162 0.009449 0.299301 0.954021 415
1679927285.789284 13.170238 15.101617 -5.732328 -0.012650 0.010124 0.343616 0.938970 416
1679927286.888375 13.158191 15.145874 -5.733750 -0.012641 0.010136 0.344583 0.938616 417
1679927288.286978 13.324556 15.360377 -5.741899 -0.011884 0.011013 0.408990 0.912395 418
1679927289.687066 14.101524 16.414911 -5.782248 -0.011058 0.011842 0.470442 0.882282 419
1679927290.588170 14.323831 16.751360 -5.794886 -0.010977 0.011917 0.475713 0.879451 420
1679927291.487988 14.344030 16.803362 -5.796633 -0.010992 0.011904 0.474585 0.880061 421
1679927292.687688 14.374576 16.852539 -5.798649 -0.010989 0.011907 0.475037 0.879817 423
1679927293.287479 14.563982 17.095854 -5.807972 -0.011021 0.011877 0.472215 0.881334 424
1679927294.587963 14.982407 17.765274 -5.832816 -0.010722 0.012147 0.491769 0.870575 425
1679927295.088353 15.100307 17.962036 -5.838603 -0.010572 0.012278 0.500422 0.865630 426
1679927296.387678 15.149251 18.017561 -5.841200 -0.010546 0.012301 0.502815 0.864242 427
1679927296.988884 15.152406 18.049149 -5.841752 -0.010565 0.012285 0.500271 0.865717 428
1679927298.788418 15.281888 18.300850 -5.851313 -0.010611 0.012245 0.498808 0.866561 429
1679927299.787715 15.512181 18.811298 -5.868888 -0.010410 0.012416 0.511693 0.859016 430
1679927300.387541 15.738997 19.142855 -5.881669 -0.010374 0.012446 0.515345 0.856830 431
1679927301.288914 15.976328 19.588690 -5.897754 -0.010524 0.012320 0.505210 0.862844 432
1679927302.188409 16.089241 19.787525 -5.905114 -0.010610 0.012246 0.499569 0.866122 433
1679927302.988683 16.091053 19.817461 -5.906067 -0.010597 0.012257 0.499875 0.865946 434
1679927303.787596 16.074968 19.844736 -5.906744 -0.010612 0.012244 0.499743 0.866022 435
1679927304.388764 16.071711 19.849989 -5.906826 -0.010602 0.012253 0.499658 0.866071 436
1679927305.887242 16.157581 20.090496 -5.915141 -0.009586 0.013063 0.568126 0.822782 437
1679927307.088126 16.626303 20.826853 -5.942630 -0.007061 0.014583 0.707785 0.706242 438
1679927307.787439 16.674419 20.894304 -5.945343 -0.007019 0.014603 0.710013 0.704002 439
1679927308.387306 16.678963 20.906324 -5.945745 -0.006970 0.014627 0.712263 0.701726 440
1679927309.689197 16.648155 20.900579 -5.945280 -0.007499 0.014363 0.686452 0.726994 442
1679927310.788025 16.511660 20.971939 -5.946027 -0.003871 0.015733 0.839457 0.543185 443
1679927311.289739 16.473137 20.958075 -5.945323 -0.001013 0.016171 0.922838 0.384847 444
1679927312.087256 16.451218 21.025976 -5.947405 0.003769 0.015758 0.995194 0.096577 445
1679927312.587575 16.451590 21.078735 -5.949198 0.006618 0.014789 0.995914 -0.088838 446
1679927313.389145 16.414110 21.070087 -5.948453 0.006852 0.014683 0.994403 -0.104400 447
1679927314.388399 16.402563 21.061756 -5.948117 0.006704 0.014751 0.995404 -0.094387 448
1679927315.488797 16.372231 21.045147 -5.947222 0.006863 0.014677 0.994260 -0.105761 449
1679927316.289036 15.850007 20.814026 -5.934791 0.008039 0.014068 0.982313 -0.186544 450
1679927318.089734 14.590629 20.310062 -5.906332 0.010872 0.012014 0.919170 -0.393528 451
1679927319.086439 14.556975 20.270260 -5.904701 0.010187 0.012600 0.939776 -0.341408 452
1679927320.187848 14.545829 20.255066 -5.904093 0.010185 0.012602 0.939744 -0.341494 454
1679927321.287995 14.032423 19.688082 -5.881306 0.011022 0.011876 0.915311 -0.402422 455
1679927322.088320 13.577427 19.070898 -5.857467 0.011805 0.011098 0.890942 -0.453829 456
1679927322.988060 13.313880 18.650232 -5.841742 0.012060 0.010820 0.880615 -0.473556 457
1679927323.887807 13.302360 18.606777 -5.840245 0.012030 0.010853 0.881655 -0.471616 458
1679927325.087425 13.224011 18.473110 -5.835316 0.012200 0.010662 0.874420 -0.484899 459
1679927326.187716 12.673707 17.592670 -5.802271 0.012394 0.010436 0.867172 -0.497744 460
1679927327.387331 12.187825 16.948792 -5.777108 0.012076 0.010803 0.882389 -0.470242 461
1679927328.187568 12.157398 16.881414 -5.774718 0.012101 0.010775 0.881346 -0.472194 462
1679927329.788007 12.120328 16.784288 -5.771347 0.012215 0.010645 0.876432 -0.481252 463
1679927330.987728 11.663167 15.867517 -5.738214 0.012163 0.010704 0.880594 -0.473594 464
1679927331.488098 11.356809 15.503212 -5.723229 0.011398 0.011516 0.912160 -0.409514 465
1679927332.187428 11.088720 15.239207 -5.712279 0.011327 0.011586 0.914312 -0.404686 466
1679927333.387270 11.047553 15.162238 -5.709592 0.011339 0.011574 0.914077 -0.405218 467
1679927334.988985 10.848583 15.024532 -5.702866 0.009797 0.012905 0.957863 -0.286767 468
1679927336.186044 10.520284 14.803229 -5.692078 0.006978 0.014623 0.996126 -0.086435 469
1679927336.988938 10.514769 14.781893 -5.691606 0.007304 0.014463 0.993774 -0.110233 470
1679927338.187217 10.497852 14.776446 -5.690879 0.007555 0.014333 0.991759 -0.127089 471
1679927339.287566 10.160188 14.771778 -5.686888 0.004891 0.015447 0.998565 0.051046 472
1679927340.487206 9.870022 14.746992 -5.682628 0.002842 0.015952 0.983318 0.181172 473
1679927341.688170 9.845934 14.743444 -5.682280 0.002976 0.015927 0.984839 0.172710 474
1679927342.487179 9.844198 14.748274 -5.682328 0.003240 0.015875 0.987578 0.156291 475
1679927343.288778 9.663215 14.813178 -5.682313 0.003002 0.015922 0.985101 0.171214 476
1679927344.588053 8.515969 15.285730 -5.683673 0.002751 0.015967 0.981677 0.189860 477
1679927346.087777 8.013050 15.469888 -5.683698 0.002432 0.016019 0.977569 0.209993 478
1679927347.088433 7.992862 15.477247 -5.683654 0.002453 0.016016 0.977784 0.208990 479
1679927347.887465 7.856812 15.496980 -5.682735 0.003382 0.015846 0.988449 0.150688 480
1679927348.689135 7.343669 15.609653 -5.680768 0.007144 0.014543 0.995142 -0.097106 481
1679927349.886119 7.210795 15.646704 -5.680410 0.006835 0.014691 0.996688 -0.079685 482
1679927350.488690 7.200917 15.646324 -5.680198 0.006837 0.014690 0.996736 -0.079084 483
1679927351.986991 7.114169 15.580775 -5.677713 0.007658 0.014279 0.989226 -0.145498 484
1679927353.290217 6.617543 15.337112 -5.666060 0.011176 0.011731 0.903030 -0.429272 485
1679927354.086517 6.574938 15.287782 -5.664518 0.010581 0.012271 0.920116 -0.391311 486
1679927355.288841 6.570568 15.273666 -5.664201 0.010568 0.012282 0.919158 -0.393555 487
1679927356.288196 6.414760 14.841064 -5.650459 -0.011877 -0.011021 -0.849128 0.527939 488
1679927357.887003 6.183272 14.410667 -5.635531 -0.013240 -0.009340 -0.766819 0.641659 489
1679927359.289738 6.184866 14.395453 -5.635140 -0.013215 -0.009375 -0.767898 0.640367 490
1679927360.789401 6.103484 13.591448 -5.609539 -0.013705 -0.008644 -0.736666 0.676062 491
1679927361.389262 6.029181 12.985574 -5.590280 -0.013782 -0.008519 -0.735141 0.677721 492
1679927362.888957 5.964058 12.345090 -5.569969 -0.013890 -0.008342 -0.729582 0.683702 493
1679927363.389405 5.961743 12.324098 -5.569355 -0.013895 -0.008333 -0.729815 0.683453 494
1679927366.089894 5.780513 11.253111 -5.535011 -0.013584 -0.008832 -0.760328 0.649337 496
1679927366.891495 5.686981 10.548484 -5.512612 -0.012630 -0.010149 -0.821713 0.569671 497
1679927368.190748 5.682789 10.327234 -5.505641 -0.011860 -0.011039 -0.861104 0.508171 498
1679927369.889454 5.679027 10.292540 -5.504466 -0.011896 -0.011000 -0.859502 0.510875 500
1679927370.489318 5.511170 9.942471 -5.492066 -0.012028 -0.010856 -0.853845 0.520275 501
1679927371.589445 4.943873 9.040409 -5.458679 0.011660 0.011251 0.872730 -0.487935 502
1679927372.388386 4.702806 8.637742 -5.443924 0.010993 0.011903 0.899358 -0.436912 503
1679927372.890093 4.683855 8.588914 -5.442262 0.011086 0.011817 0.896061 -0.443635 504
1679927373.589412 4.673142 8.567472 -5.441315 0.011100 0.011803 0.895604 -0.444558 505
1679927375.389101 4.238132 8.137761 -5.423837 0.010713 0.012156 0.909784 -0.414765 506
1679927376.590079 3.486907 7.286377 -5.390166 0.010640 0.012220 0.912822 -0.408036 507
1679927377.889252 3.293691 7.042210 -5.380754 0.010628 0.012230 0.913032 -0.407566 508
1679927378.889906 3.304871 7.032612 -5.380584 0.010616 0.012241 0.913519 -0.406473 509
1679927379.687496 3.186680 6.889620 -5.374991 0.011188 0.011720 0.893429 -0.448912 510
1679927380.191899 3.086732 6.654356 -5.366801 -0.012005 -0.010882 -0.858734 0.512165 511
1679927381.990049 2.036040 5.624106 -5.324959 0.010663 0.012200 0.913087 -0.407442 512
1679927382.689530 1.990425 5.540453 -5.321830 0.010648 0.012213 0.913848 -0.405734 513
1679927383.189783 1.976803 5.524520 -5.321146 0.010650 0.012211 0.913690 -0.406088 514
1679927385.088917 1.659699 5.197828 -5.308084 0.010769 0.012106 0.909831 -0.414663 515
1679927385.690052 1.264177 4.735135 -5.290014 0.010802 0.012077 0.909144 -0.416167 516
1679927387.390139 0.648800 3.994956 -5.261240 -0.012063 -0.010817 -0.858210 0.513043 517
1679927387.988585 0.662873 3.980848 -5.260909 -0.012027 -0.010858 -0.859940 0.510137 518
1679927389.090139 0.658011 3.946784 -5.259822 -0.012017 -0.010869 -0.860450 0.509278 519
1679927390.389345 0.146142 3.005401 -5.225825 -0.012144 -0.010727 -0.855122 0.518174 520
1679927391.390000 -0.225069 2.283734 -5.199900 -0.012100 -0.010775 -0.857257 0.514633 521
1679927392.389355 -0.261157 2.149287 -5.195383 -0.012123 -0.010750 -0.856169 0.516441 522
1679927393.689836 -0.267056 2.140889 -5.195058 -0.012146 -0.010724 -0.855148 0.518130 523
1679927395.389921 -0.832618 1.089419 -5.156855 -0.012219 -0.010640 -0.852182 0.522994 524
1679927395.989845 -0.966549 0.823661 -5.147391 -0.012089 -0.010705 -0.857338 0.514500 525
1679927396.490064 -0.977949 0.776699 -5.145751 -0.012153 -0.010716 -0.855639 0.517319 526
1679927397.890167 -0.986430 0.726242 -5.144115 -0.012170 -0.010696 -0.855001 0.518374 527
1679927398.390547 -0.989057 0.726152 -5.144096 -0.012068 -0.010811 -0.859630 0.510660 528
1679927399.189414 -0.987504 0.724476 -5.144044 -0.012015 -0.010871 -0.862060 0.506548 529
1679927399.789303 -0.984821 0.721822 -5.144149 0.011976 0.010983 0.866092 -0.499620 530
1679927400.589507 -0.985875 0.720443 -5.144183 -0.012091 -0.011009 -0.864147 0.502974 531
1679927402.190005 -0.987490 0.722673 -5.144177 -0.012110 -0.010990 -0.862076 0.506515 532
1679927402.789851 -0.987415 0.722141 -5.144223 -0.012135 -0.010960 -0.862163 0.506367 533
1679927403.789163 -0.987633 0.723284 -5.144170 -0.012018 -0.010867 -0.862055 0.506556 534
1679927404.889350 -0.987505 0.722566 -5.144228 -0.012132 -0.010964 -0.862117 0.506445 535
1679927405.389664 -0.987793 0.723214 -5.144157 -0.012016 -0.010869 -0.862098 0.506482 536
1679927405.989491 -0.987461 0.723149 -5.144033 -0.012015 -0.010871 -0.862097 0.506485 537
1679927406.789822 -0.987406 0.723216 -5.144021 -0.012012 -0.010874 -0.862097 0.506485 538
1679927407.889975 -0.987894 0.722987 -5.143967 -0.012011 -0.010875 -0.862074 0.506523 540
1679927408.390242 -0.987876 0.723268 -5.144142 -0.011992 -0.010814 -0.862080 0.506514 541
1679927409.689450 -0.987729 0.723129 -5.143956 -0.012016 -0.010869 -0.862028 0.506602 543
1679927410.789704 -0.987913 0.723150 -5.144001 -0.012016 -0.010869 -0.862059 0.506549 544
1679927411.589956 -0.987876 0.723278 -5.144198 -0.012112 -0.010989 -0.862066 0.506532 545
1679927412.090220 -0.987887 0.723009 -5.144242 -0.012134 -0.010962 -0.862103 0.506470 546
1679927414.489575 -0.987600 0.723346 -5.144171 -0.012064 -0.010886 -0.862099 0.506480 548
1679927415.089458 -0.987850 0.723209 -5.143998 -0.012016 -0.010869 -0.862030 0.506598 549
1679927416.489579 -0.987699 0.722803 -5.144139 -0.011997 -0.010808 -0.862113 0.506459 551
1679927417.571457 -0.996565 0.708081 -5.143640 -0.012132 -0.010740 -0.856545 0.515817 552
1679927418.171301 -0.954399 0.772409 -5.145989 -0.012132 -0.010740 -0.856508 0.515879 553
1679927419.370981 -0.958396 0.762076 -5.145485 -0.011977 -0.010912 -0.863645 0.503839 554
1679927420.771082 -0.959138 0.761795 -5.145556 -0.011924 -0.010871 -0.863640 0.503851 555
1679927421.271405 -0.958862 0.762082 -5.145475 -0.011978 -0.010912 -0.863722 0.503708 556
1679927422.272113 -0.958473 0.762754 -5.145644 -0.011956 -0.010854 -0.863651 0.503831 558
1679927423.071020 -0.958803 0.762167 -5.145511 -0.011977 -0.010912 -0.863729 0.503695 559
1679927424.272098 -0.958576 0.763005 -5.145314 -0.011980 -0.010976 -0.863607 0.503904 561
