timestamp x y z qx qy qz qw id
1679925501.362876 -0.600277 0.287595 0.419134 0.027494 0.015194 -0.855195 0.517353 1
1679925518.463235 -0.627874 0.198512 0.412794 0.027624 0.014957 -0.854879 0.517876 13
1679925520.062521 -0.995196 -0.389919 0.375651 -0.025901 -0.017774 0.898961 -0.436900 14
1679925521.664340 -1.691473 -1.486620 0.294161 0.027843 0.014544 -0.841962 0.538622 15
1679925522.963531 -1.709220 -1.574657 0.288806 -0.026921 -0.016187 0.873053 -0.486613 16
1679925524.463288 -1.854199 -1.787512 0.272683 -0.024408 -0.019775 0.932616 -0.359500 17
1679925525.665648 -2.281221 -2.477645 0.221738 -0.026093 -0.017492 0.897622 -0.439646 18
1679925526.862671 -2.752697 -3.199289 0.167742 -0.026981 -0.016088 0.873398 -0.485993 19
1679925528.463339 -2.793692 -3.280290 0.161929 -0.026958 -0.016125 0.874585 -0.483853 20
1679925530.463198 -3.265507 -4.125630 0.100847 -0.026668 -0.016600 0.883698 -0.467002 21
1679925532.363667 -3.899889 -5.035462 0.031011 -0.026995 -0.016063 0.874631 -0.483770 22
1679925534.262778 -3.966228 -5.200268 0.019899 -0.027035 -0.015997 0.873550 -0.485719 23
1679925535.463959 -4.571844 -6.178272 -0.052436 -0.027249 -0.015628 0.866917 -0.497461 24
1679925535.463959 -4.571802 -6.177308 -0.052436 -0.027248 -0.015632 0.866857 -0.497567 25
1679925537.163902 -4.951827 -6.786259 -0.097507 -0.026956 -0.016129 0.875948 -0.481382 26
1679925538.463218 -4.958258 -6.800640 -0.098457 -0.026993 -0.016068 0.874813 -0.483441 27
1679925540.363635 -5.509342 -7.674302 -0.163330 -0.025683 -0.018088 0.909045 -0.415512 28
1679925541.662866 -6.272169 -8.227290 -0.217608 -0.022459 -0.021963 0.963500 -0.265858 29
1679925542.763075 -6.356977 -8.293841 -0.223883 -0.022473 -0.021949 0.963328 -0.266482 30
1679925544.663515 -6.614146 -8.452374 -0.240715 -0.022366 -0.022058 0.964564 -0.261974 31
1679925545.263350 -7.102356 -8.717402 -0.270578 -0.022305 -0.022120 0.965374 -0.258971 32
1679925546.463138 -8.032012 -9.240437 -0.328499 -0.022433 -0.021990 0.963849 -0.264591 33
1679925547.648691 -8.152841 -9.333390 -0.337378 -0.022475 -0.021947 0.963398 -0.266229 34
1679925549.549131 -8.567433 -9.548510 -0.362265 -0.022462 -0.021960 0.963328 -0.266482 36
1679925550.748886 -9.549528 -10.140510 -0.423193 -0.022302 -0.022122 0.963193 -0.266968 37
1679925551.350118 -9.876370 -10.350997 -0.444976 -0.022685 -0.021729 0.958224 -0.284288 38
1679925551.950024 -9.914146 -10.379570 -0.447482 -0.022610 -0.021808 0.959362 -0.280425 39
1679925553.149853 -9.910595 -10.401697 -0.448846 -0.022595 -0.021824 0.959487 -0.279996 40
1679925554.750328 -10.419831 -11.038618 -0.499495 -0.025689 -0.018079 0.904996 -0.424260 41
1679925555.950152 -11.091486 -11.841001 -0.564812 -0.026363 -0.017081 0.888033 -0.458706 42
1679925557.049206 -11.180048 -11.966733 -0.573350 -0.026716 -0.016817 0.884987 -0.464544 43
1679925557.549265 -11.183227 -11.971509 -0.574858 -0.026475 -0.016907 0.885035 -0.464463 44
1679925558.649407 -11.267351 -12.108751 -0.585032 -0.026676 -0.016588 0.879450 -0.474954 45
1679925559.749583 -11.846232 -12.958373 -0.649756 -0.026608 -0.016697 0.881171 -0.471753 46
1679925560.249884 -12.121543 -13.317090 -0.677885 -0.026508 -0.016856 0.884027 -0.466379 47
1679925560.750272 -12.257720 -13.523720 -0.693402 -0.026445 -0.016954 0.885646 -0.463298 48
1679925561.749526 -12.296686 -13.619713 -0.699933 -0.026503 -0.016863 0.884067 -0.466303 49
1679925562.849719 -12.305221 -13.634857 -0.701006 -0.026544 -0.016798 0.882981 -0.468356 51
1679925563.850430 -12.593467 -14.148071 -0.738046 -0.025893 -0.017786 0.899957 -0.434846 52
1679925564.447513 -12.885200 -14.265540 -0.753408 0.027722 0.014774 -0.846039 0.532195 53
1679925564.953233 -13.090826 -14.594345 -0.777814 0.028001 0.014237 -0.835813 0.548115 54
1679925566.549616 -13.436077 -15.314633 -0.827989 -0.026514 -0.016847 0.884328 -0.465808 55
1679925567.250394 -13.437220 -15.340077 -0.829300 -0.026520 -0.016837 0.884021 -0.466391 56
1679925569.049858 -13.683179 -15.774911 -0.860767 0.027277 0.015581 -0.861412 0.506935 58
1679925570.449952 -14.369608 -16.799200 -0.938302 0.027165 0.015774 -0.865312 0.500248 59
1679925571.650976 -14.571288 -17.015331 -0.956468 -0.026427 -0.016982 0.887311 -0.460101 60
1679925572.249485 -14.575099 -17.026344 -0.957097 -0.026413 -0.017004 0.887048 -0.460608 61
1679925572.950170 -14.576062 -17.025824 -0.957110 -0.026246 -0.017261 0.891664 -0.451607 62
1679925574.148530 -14.861387 -17.481201 -0.990813 -0.024737 -0.019361 0.925709 -0.376930 63
1679925574.750972 -15.177250 -17.900995 -1.023652 -0.025538 -0.018291 0.908997 -0.415617 64
1679925575.349448 -15.513787 -18.331388 -1.057693 -0.025794 -0.017929 0.903223 -0.428021 65
1679925576.050160 -15.719138 -18.614498 -1.079516 -0.026417 -0.016998 0.887339 -0.460047 66
1679925577.249755 -15.729574 -18.659605 -1.082359 -0.026427 -0.016983 0.887148 -0.460415 67
1679925578.449420 -15.742724 -18.683455 -1.084092 -0.026462 -0.016927 0.886053 -0.462518 68
1679925579.748581 -16.332558 -19.529976 -1.149728 -0.026633 -0.016657 0.881061 -0.471958 69
1679925580.949542 -16.816475 -20.236202 -1.203555 -0.026490 -0.016884 0.885087 -0.464364 70
1679925582.248751 -16.860109 -20.334665 -1.210441 -0.026531 -0.016819 0.883959 -0.466508 71
1679925582.848527 -16.861885 -20.338528 -1.210725 -0.026526 -0.016827 0.884071 -0.466295 72
1679925584.548596 -17.263023 -20.872927 -1.252353 -0.026535 -0.016813 0.883881 -0.466656 74
1679925585.149578 -17.582424 -21.350080 -1.288434 -0.026529 -0.016823 0.884170 -0.466108 75
1679925586.349256 -17.992386 -21.994459 -1.336370 -0.026464 -0.016925 0.886059 -0.462507 76
1679925587.348538 -18.004887 -22.040718 -1.339341 -0.026474 -0.016908 0.885680 -0.463233 77
1679925588.949058 -18.097790 -22.261427 -1.354272 -0.027054 -0.015965 0.869001 -0.493813 78
1679925593.449170 -19.191696 -23.641808 -1.463904 -0.025644 -0.018144 0.906871 -0.420235 79
1679925594.749716 -19.235533 -23.691082 -1.467992 -0.025496 -0.018350 0.910253 -0.412859 80
1679925596.147301 -20.055038 -24.540480 -1.540056 -0.025912 -0.017758 0.900640 -0.433429 81
1679925597.050889 -20.410978 -25.151329 -1.584337 -0.026463 -0.016927 0.886871 -0.460948 82
1679925597.545991 -20.435776 -25.227999 -1.589509 -0.026226 -0.017292 0.892636 -0.449683 83
1679925598.948801 -20.451347 -25.243444 -1.590834 -0.026328 -0.017135 0.890059 -0.454761 84
1679925599.749005 -20.646805 -25.594248 -1.616031 -0.026888 -0.016243 0.874475 -0.484052 85
1679925600.549181 -21.073738 -26.215986 -1.663379 -0.026949 -0.016141 0.873449 -0.485901 86
1679925600.948723 -21.321127 -26.496490 -1.686667 0.027426 0.015316 -0.859630 0.509951 87
1679925601.848420 -21.644108 -26.825079 -1.714392 -0.026441 -0.016961 0.887930 -0.458905 88
1679925602.549204 -21.683393 -26.882359 -1.718559 -0.026295 -0.017185 0.891449 -0.452030 89
1679925603.349406 -21.691397 -26.891020 -1.719559 -0.026302 -0.017176 0.891558 -0.451815 90
1679925604.449630 -21.751219 -27.099545 -1.732783 -0.027104 -0.015880 0.868921 -0.493953 92
1679925605.248442 -22.057037 -27.692221 -1.774719 -0.025751 -0.017990 0.905237 -0.423744 93
1679925606.149569 -22.572607 -28.243799 -1.821036 -0.026316 -0.017154 0.891244 -0.452435 94
1679925606.948546 -22.855734 -28.499014 -1.843872 -0.026101 -0.017479 0.896860 -0.441198 95
1679925608.452614 -22.859327 -28.523943 -1.845286 -0.026116 -0.017456 0.896301 -0.442332 96
1679925609.652324 -22.973745 -28.810509 -1.864460 -0.027044 -0.015982 0.870636 -0.490924 97
1679925611.052411 -23.661890 -29.858292 -1.943175 -0.026845 -0.016313 0.876580 -0.480230 98
1679925611.652242 -23.927933 -30.129889 -1.966337 -0.026533 -0.016817 0.885520 -0.463539 99
1679925612.252071 -23.973965 -30.191462 -1.971145 -0.026201 -0.017328 0.894295 -0.446374 100
1679925612.851906 -23.987967 -30.199934 -1.972005 -0.026184 -0.017355 0.894608 -0.445746 101
1679925614.152484 -24.034534 -30.280313 -1.977881 -0.025956 -0.017694 0.900600 -0.433511 102
1679925614.749705 -24.228102 -30.622454 -2.002375 -0.025071 -0.018927 0.919915 -0.390858 103
1679925615.352235 -24.490389 -31.076662 -2.035608 -0.025372 -0.018522 0.913538 -0.405538 104
1679925615.952167 -24.850254 -31.501665 -2.070125 -0.025466 -0.018392 0.911425 -0.410266 105
1679925617.151741 -25.152721 -31.849695 -2.098570 -0.026149 -0.017407 0.895282 -0.444392 106
1679925617.751618 -25.156811 -31.870152 -2.099803 -0.026128 -0.017438 0.895675 -0.443597 107
1679925619.452935 -25.219259 -31.925743 -2.104815 -0.025846 -0.017855 0.902554 -0.429429 109
1679925620.152405 -25.646744 -32.311020 -2.139199 -0.024851 -0.019215 0.924002 -0.381094 110
1679925620.752320 -26.020432 -32.718769 -2.173233 -0.025082 -0.018913 0.919252 -0.392415 111
1679925621.252656 -26.261568 -33.105129 -2.201777 -0.026314 -0.017156 0.890547 -0.453804 112
1679925622.450981 -26.416197 -33.465122 -2.226243 -0.026119 -0.017452 0.895285 -0.444386 113
1679925623.651970 -26.411926 -33.475063 -2.226797 -0.025937 -0.017722 0.899938 -0.434885 114
1679925624.250499 -26.452875 -33.537338 -2.231435 -0.026436 -0.016969 0.887215 -0.460286 115
1679925625.351981 -27.088562 -34.183372 -2.286526 -0.026296 -0.017184 0.890908 -0.453096 116
1679925625.951830 -27.425768 -34.639206 -2.322022 -0.026541 -0.016804 0.884170 -0.466109 117
1679925626.552996 -27.650181 -35.035652 -2.350572 -0.026113 -0.017461 0.895522 -0.443907 118
1679925627.752763 -27.687775 -35.135605 -2.357351 -0.026126 -0.017441 0.894959 -0.445041 119
1679925629.651863 -27.721270 -35.178623 -2.360753 -0.026063 -0.017536 0.896729 -0.441465 121
1679925630.351190 -28.092491 -35.559685 -2.393104 -0.025667 -0.018111 0.906169 -0.421747 122
1679925631.051984 -28.512535 -36.095699 -2.435593 -0.025901 -0.017774 0.900359 -0.434013 123
1679925631.653085 -28.841871 -36.513653 -2.468716 -0.024974 -0.019055 0.920995 -0.388307 124
1679925632.952309 -28.950563 -36.700798 -2.482269 -0.024543 -0.019606 0.929230 -0.368164 125
1679925634.252914 -28.972343 -36.731155 -2.484595 -0.024552 -0.019596 0.929137 -0.368399 126
1679925635.552194 -29.782492 -37.437599 -2.548512 -0.024581 -0.019559 0.928356 -0.370362 127
1679925636.252844 -30.244387 -37.907089 -2.588652 -0.024635 -0.019491 0.927239 -0.373150 128
1679925636.852726 -30.441555 -38.088779 -2.604413 -0.024520 -0.019636 0.929484 -0.367522 129
1679925637.552070 -30.429544 -38.112747 -2.605623 -0.024530 -0.019623 0.929184 -0.368279 130
1679925638.852665 -30.431263 -38.138184 -2.606898 -0.024521 -0.019634 0.929500 -0.367482 131
1679925639.452507 -30.676458 -38.394478 -2.628577 -0.025025 -0.018987 0.919608 -0.391580 132
1679925640.851327 -31.530390 -39.289131 -2.704161 0.028524 0.013158 -0.813635 0.580527 133
1679925641.455225 -31.643208 -39.356449 -2.711487 0.029547 0.010665 -0.760882 0.648130 134
1679925642.149192 -31.606644 -39.392948 -2.712233 0.028886 0.012345 -0.796912 0.603279 135
1679925642.852539 -31.602938 -39.397583 -2.712378 0.028880 0.012359 -0.797344 0.602707 136
1679925644.150470 -31.642296 -39.656662 -2.727619 0.029771 0.010023 -0.746883 0.664213 138
1679925644.855235 -31.729673 -39.988159 -2.748371 0.030952 0.005362 -0.634530 0.772260 139
1679925646.153147 -31.745756 -40.024502 -2.750839 0.030644 0.006908 -0.674846 0.737289 140
1679925647.451017 -31.716867 -40.092747 -2.753835 0.030866 0.005837 -0.647890 0.761086 141
1679925648.153122 -31.529482 -40.583248 -2.774638 0.031397 0.001013 -0.522886 0.851824 142
1679925648.853787 -31.452555 -40.877991 -2.788108 0.031316 -0.002474 -0.424694 0.904792 143
1679925649.550545 -31.418949 -40.903633 -2.788849 0.031382 -0.001404 -0.455645 0.889607 144
1679925650.852446 -31.406500 -40.910740 -2.788675 0.031384 -0.001361 -0.456529 0.889154 146
1679925651.450981 -31.224247 -41.075630 -2.792173 0.031246 -0.003240 -0.403012 0.914655 147
1679925652.151635 -30.757799 -41.537487 -2.802781 0.031121 -0.004274 -0.372304 0.927579 148
1679925652.751566 -30.341312 -41.934261 -2.811567 0.031108 -0.004366 -0.369301 0.928779 149
1679925654.152948 -29.904476 -42.304230 -2.818217 0.030874 -0.005797 -0.325838 0.944904 150
1679925654.752810 -29.891665 -42.314507 -2.818348 0.030867 -0.005830 -0.324832 0.945250 151
1679925656.752805 -29.609283 -42.494064 -2.819455 0.029933 -0.009529 -0.207234 0.977787 153
1679925658.151576 -28.519995 -43.217194 -2.825183 0.030500 -0.007520 -0.271945 0.961800 154
1679925658.752728 -28.271391 -43.373135 -2.826036 0.030607 -0.007070 -0.286148 0.957670 155
1679925660.152889 -28.184345 -43.408318 -2.825144 0.030592 -0.007134 -0.283880 0.958345 156
1679925661.553027 -28.171085 -43.418034 -2.825240 0.030574 -0.007214 -0.281598 0.959018 158
1679925662.252411 -27.985382 -43.589890 -2.829176 0.030570 -0.007231 -0.281794 0.958961 159
1679925662.852356 -27.728104 -43.755432 -2.830266 0.030564 -0.007256 -0.280516 0.959335 160
1679925664.250993 -27.016130 -44.150326 -2.829654 0.030675 -0.006770 -0.299207 0.953671 161
1679925664.853473 -27.017742 -44.053825 -2.824364 0.030421 -0.007832 -0.263580 0.964126 162
1679925665.551621 -27.075090 -44.095703 -2.828379 0.030427 -0.007808 -0.263628 0.964113 163
1679925666.252291 -27.062925 -44.137157 -2.830307 0.030424 -0.007819 -0.263706 0.964092 164
1679925667.052660 -27.039757 -44.152180 -2.830437 0.030428 -0.007807 -0.263870 0.964046 165
1679925668.356819 -26.936609 -44.196648 -2.829645 0.028905 -0.012299 -0.118025 0.992514 166
1679925669.061357 -26.801979 -44.210896 -2.826164 0.025846 -0.017854 0.084476 0.995930 167
1679925669.758129 -26.758625 -44.226913 -2.825810 0.026093 -0.017491 0.069739 0.997071 168
1679925670.458747 -26.726147 -44.223736 -2.824606 0.026105 -0.017473 0.069031 0.997120 169
1679925671.856158 -26.642885 -44.188641 -2.820077 0.024820 -0.019255 0.138317 0.989890 170
1679925672.459928 -26.313395 -44.009300 -2.800078 0.021581 -0.022827 0.287569 0.957245 171
1679925673.157999 -25.871782 -43.852081 -2.777817 0.024602 -0.019533 0.149936 0.988197 172
1679925673.856069 -25.678123 -43.863586 -2.772405 0.020639 -0.023682 0.327826 0.944216 173
1679925674.958981 -25.644732 -43.875492 -2.772133 0.020165 -0.024086 0.345432 0.937918 174
1679925675.658110 -25.644951 -43.875336 -2.772128 0.020313 -0.023962 0.339548 0.940064 175
1679925676.958602 -25.644438 -43.873280 -2.771939 0.020558 -0.023752 0.330314 0.943348 176
1679925677.558471 -25.643002 -43.873184 -2.771965 0.020189 -0.024066 0.344439 0.938283 177
1679925679.359279 -25.641157 -43.876759 -2.772039 0.019585 -0.024560 0.367722 0.929405 179
1679925681.059309 -25.636730 -43.881004 -2.772171 0.018811 -0.025158 0.396264 0.917599 181
1679925681.659112 -25.618389 -43.858353 -2.770350 0.019998 -0.024226 0.352036 0.935459 182
1679925682.557534 -25.453115 -43.407158 -2.740553 0.016677 -0.026621 0.470282 0.881957 183
1679925684.257460 -24.821239 -42.147457 -2.652236 0.012700 -0.028731 0.590985 0.806071 184
1679925684.958176 -24.783388 -42.036228 -2.644979 0.012597 -0.028777 0.593845 0.803966 185
1679925685.957407 -24.775753 -42.008297 -2.643250 0.012601 -0.028775 0.593623 0.804130 186
1679925687.158424 -24.748161 -41.949314 -2.639153 0.012873 -0.028654 0.586229 0.809536 187
1679925690.157579 -23.788555 -40.138664 -2.523081 -0.004334 -0.043126 0.553864 0.831479 188
1679925691.158200 -23.799440 -40.124664 -2.523369 -0.004261 -0.043134 0.552411 0.832444 189
1679925692.257031 -23.775730 -39.778648 -2.507458 -0.008806 -0.042439 0.637263 0.769426 190
1679925692.858142 -23.715590 -39.230122 -2.480436 -0.010475 -0.042059 0.667911 0.742978 191
1679925694.359107 -23.632671 -38.153454 -2.430299 -0.013876 -0.041062 0.726778 0.685504 192
1679925695.257520 -23.640842 -38.112877 -2.429260 -0.013615 -0.041150 0.722494 0.690018 193
1679925697.058416 -23.590096 -37.646881 -2.406497 -0.011792 -0.041709 0.691009 0.721545 194
1679925697.656920 -23.532831 -37.058025 -2.378214 -0.009757 -0.042231 0.655440 0.754002 195
1679925698.557934 -23.379517 -36.281826 -2.334722 -0.006361 -0.042874 0.593277 0.803831 196
1679925699.457752 -23.351978 -36.120575 -2.326637 -0.005904 -0.042940 0.584624 0.810146 197
1679925700.257926 -23.363394 -36.119747 -2.326846 -0.005937 -0.042935 0.585436 0.809559 198
1679925701.457593 -23.310017 -36.001175 -2.317998 -0.005324 -0.043015 0.573980 0.817721 199
1679925702.057432 -23.084314 -35.507160 -2.280557 -0.004541 -0.043105 0.559188 0.827907 200
1679925703.656578 -22.571224 -34.290604 -2.191844 0.001027 -0.043331 0.449749 0.892103 201
1679925704.758078 -22.579554 -34.259392 -2.191252 -0.000172 -0.043343 0.474124 0.879391 202
1679925706.856129 -22.279934 -33.805851 -2.149840 0.011715 -0.041730 0.216295 0.975366 204
1679925708.258942 -22.216713 -33.650089 -2.138654 0.011968 -0.041659 0.211474 0.976422 205
1679925709.157331 -22.207405 -33.628387 -2.136849 0.012030 -0.041641 0.209773 0.976789 206
1679925711.158553 -22.046942 -33.442268 -2.116966 -0.000487 -0.043341 0.480732 0.875796 208
1679925711.660193 -22.037800 -33.384766 -2.114072 -0.005096 -0.043043 0.571103 0.819733 209
1679925712.958112 -22.008640 -33.347961 -2.110096 -0.002181 -0.043289 0.514427 0.856438 210
1679925713.557888 -22.007864 -33.346947 -2.109938 -0.002529 -0.043270 0.521681 0.852039 211
1679925714.157808 -21.973284 -33.282482 -2.104950 -0.002053 -0.043295 0.512151 0.857801 212
1679925714.756286 -21.675085 -32.924942 -2.067563 -0.000589 -0.043340 0.483098 0.874493 213
1679925715.857776 -21.093632 -32.042561 -1.987136 -0.000106 -0.043343 0.474226 0.879336 214
1679925716.756355 -20.847158 -31.656113 -1.952520 0.000909 -0.043334 0.453934 0.889980 215
1679925717.357339 -20.866436 -31.621626 -1.952546 0.000822 -0.043336 0.455292 0.889287 216
1679925718.056777 -20.878054 -31.610180 -1.952921 0.000862 -0.043335 0.454608 0.889637 217
1679925718.656586 -20.861835 -31.582512 -1.950555 0.000993 -0.043332 0.451851 0.891040 218
1679925719.758204 -20.338259 -30.888897 -1.881970 0.000748 -0.043337 0.456578 0.888627 219
1679925720.656579 -19.850895 -30.201286 -1.816061 0.000880 -0.043335 0.454167 0.889861 220
1679925721.156831 -19.673626 -29.966187 -1.793030 0.000830 -0.043336 0.455441 0.889210 221
1679925721.957054 -19.669806 -29.930809 -1.791040 0.000877 -0.043335 0.454576 0.889652 222
1679925722.757291 -19.681688 -29.923126 -1.791491 0.000914 -0.043334 0.453485 0.890209 223
1679925723.757900 -19.466503 -29.594841 -1.761757 0.000560 -0.043340 0.460128 0.886794 224
1679925724.757254 -18.873520 -28.805605 -1.684223 0.000895 -0.043334 0.454138 0.889877 226
1679925725.257559 -18.608908 -28.463114 -1.650074 0.000902 -0.043334 0.454312 0.889788 227
1679925726.057768 -18.501915 -28.277304 -1.634152 0.000911 -0.043334 0.454304 0.889792 228
1679925726.856685 -18.488792 -28.244680 -1.631824 0.000865 -0.043335 0.454651 0.889614 229
1679925727.956873 -18.472658 -28.218628 -1.629553 0.000800 -0.043336 0.456076 0.888885 230
1679925728.757120 -18.158342 -27.743221 -1.586182 0.000512 -0.043341 0.462578 0.885518 231
1679925729.972205 -17.475826 -26.851984 -1.497592 0.001107 -0.043329 0.451947 0.890991 232
1679925730.772374 -17.326113 -26.625797 -1.477015 0.000911 -0.043334 0.456186 0.888828 233
1679925731.872463 -17.298170 -26.572603 -1.472435 0.000925 -0.043334 0.455980 0.888934 234
1679925732.972687 -17.247093 -26.504478 -1.465840 0.000790 -0.043336 0.458725 0.887521 236
1679925734.272022 -16.549835 -25.561693 -1.373893 0.000743 -0.043337 0.460886 0.886400 237
1679925734.972637 -16.225079 -25.075665 -1.329137 -0.000527 -0.043340 0.486994 0.872329 238
1679925736.271819 -16.143135 -24.924852 -1.316538 -0.000756 -0.043337 0.491590 0.869748 239
1679925737.272477 -16.147299 -24.904819 -1.316125 -0.000812 -0.043336 0.492328 0.869330 240
1679925738.273114 -15.948206 -24.254339 -1.273968 -0.005797 -0.042954 0.589517 0.806593 241
1679925739.072157 -15.678654 -23.572002 -1.225272 -0.007169 -0.042747 0.616837 0.785896 242
1679925739.872396 -15.429122 -23.138470 -1.188166 -0.007655 -0.042662 0.625906 0.778693 243
1679925740.572890 -15.413864 -23.053740 -1.183498 -0.007617 -0.042669 0.625303 0.779177 244
1679925741.772655 -15.410628 -23.035440 -1.182632 -0.007639 -0.042665 0.625832 0.778753 245
1679925742.372541 -15.403563 -23.013134 -1.181147 -0.007849 -0.042627 0.629414 0.775861 246
1679925742.872748 -15.328871 -22.768896 -1.165644 -0.004199 -0.043140 0.561814 0.826127 247
1679925744.172029 -14.848721 -21.643856 -1.082382 -0.001949 -0.043300 0.520891 0.852522 248
1679925745.171345 -14.588342 -21.113216 -1.040386 -0.000353 -0.043342 0.489972 0.870660 249
1679925746.471977 -14.616259 -21.087187 -1.041463 -0.000240 -0.043343 0.487388 0.872109 250
1679925747.772445 -14.235640 -20.558102 -0.990253 0.000629 -0.043339 0.470378 0.881400 251
1679925748.771734 -13.715730 -19.783047 -0.918350 0.000971 -0.043333 0.464603 0.884458 252
1679925749.372903 -13.507896 -19.464865 -0.889149 0.001794 -0.043306 0.448002 0.892981 253
1679925750.372248 -13.497705 -19.417114 -0.886502 0.001716 -0.043310 0.449731 0.892112 254
1679925752.173133 -13.254691 -19.126505 -0.855796 0.002030 -0.043296 0.443627 0.895163 257
1679925752.872546 -12.847446 -18.587664 -0.801491 0.002410 -0.043277 0.431394 0.901122 258
1679925753.972604 -12.307817 -17.912298 -0.730545 0.009842 -0.042211 0.261485 0.964234 259
1679925755.573151 -12.290828 -17.841684 -0.725952 0.008332 -0.042535 0.293138 0.955087 260
1679925756.572387 -12.292415 -17.841143 -0.726334 0.008124 -0.042490 0.292798 0.955195 261
1679925757.571766 -11.851071 -17.717569 -0.686941 0.018377 -0.039255 0.053305 0.997637 262
1679925758.875021 -11.708971 -17.677200 -0.674081 0.020614 -0.038128 -0.004060 0.999052 263
1679925760.472798 -11.657435 -17.614225 -0.667737 0.020447 -0.038218 -0.001055 0.999060 264
1679925761.273059 -11.653324 -17.613094 -0.667343 0.020064 -0.038420 0.009185 0.999018 265
1679925762.872285 -10.653289 -17.894859 -0.600672 0.029433 -0.031817 -0.251425 0.966906 266
1679925764.472827 -10.474235 -17.954901 -0.589155 0.030081 -0.031206 -0.271221 0.961541 267
1679925765.172175 -10.478102 -17.952251 -0.589365 0.030057 -0.031229 -0.270454 0.961757 268
1679925765.772069 -10.414971 -17.992941 -0.586407 0.029801 -0.031473 -0.262299 0.964013 269
1679925766.472875 -9.975896 -18.299473 -0.565374 0.031203 -0.030084 -0.305776 0.951116 270
1679925767.573091 -9.128887 -18.800150 -0.521128 0.030258 -0.031034 -0.274540 0.960598 271
1679925768.573662 -8.815207 -18.976767 -0.504467 0.028168 -0.032943 -0.210764 0.976575 272
1679925769.172203 -8.786958 -18.966061 -0.501802 0.028109 -0.032993 -0.209008 0.976953 273
1679925769.872944 -8.781513 -18.962400 -0.501270 0.027919 -0.033154 -0.203392 0.978138 274
1679925771.173613 -8.232450 -19.070076 -0.463779 0.017167 -0.039799 0.088125 0.995166 275
1679925773.173531 -8.069942 -19.077105 -0.451651 0.017044 -0.039852 0.091791 0.994835 276
1679925773.773473 -8.069011 -19.078096 -0.451619 0.016700 -0.039997 0.100188 0.994024 277
1679925775.573018 -7.841255 -18.983587 -0.430345 0.005276 -0.043021 0.363585 0.930552 278
1679925777.372528 -7.844523 -18.980537 -0.430448 0.005974 -0.042930 0.348408 0.936340 279
1679925778.273695 -7.778990 -18.743170 -0.415638 -0.004472 -0.043112 0.561662 0.826231 280
1679925779.170761 -7.437038 -18.046000 -0.360700 -0.000240 -0.043343 0.479355 0.876550 281
1679925779.872793 -7.148861 -17.557409 -0.318486 0.003048 -0.043236 0.412919 0.909736 282
1679925783.273018 -7.034300 -17.045607 -0.288781 -0.004768 -0.043081 0.568848 0.821300 283
1679925783.972345 -6.841557 -16.832380 -0.264728 -0.002190 -0.043288 0.520782 0.852589 284
1679925784.572258 -6.562871 -16.422987 -0.226411 -0.003065 -0.043235 0.538451 0.841541 285
1679925785.172061 -6.408178 -15.951213 -0.195163 -0.010330 -0.042095 0.673354 0.738048 286
1679925786.572260 -6.443826 -15.513159 -0.179867 -0.015859 -0.040338 0.766757 0.640473 287
1679925789.079057 -6.590364 -15.189582 -0.176967 -0.020147 -0.038377 0.832045 0.553012 288
1679925790.480592 -6.749633 -14.587433 -0.163976 -0.026427 -0.034355 0.915179 0.400711 289
1679925791.279378 -6.778267 -14.562828 -0.165034 -0.026155 -0.034563 0.912009 0.407874 290
1679925792.879914 -6.899352 -14.436467 -0.168868 -0.026546 -0.034263 0.916876 0.396811 291
1679925793.678853 -7.408635 -13.885725 -0.184915 -0.026344 -0.034419 0.914751 0.401686 292
1679925794.680699 -7.991611 -13.228073 -0.202355 -0.022285 -0.037176 0.863656 0.502215 293
1679925796.080818 -8.162165 -13.061023 -0.208396 -0.019460 -0.038729 0.823737 0.565313 294
1679925797.179791 -8.163954 -13.057886 -0.208613 -0.019175 -0.038871 0.819382 0.571608 295
1679925797.981271 -8.190063 -12.884665 -0.203248 -0.015548 -0.040459 0.763955 0.643812 296
1679925799.177022 -8.266668 -12.437908 -0.190209 -0.007733 -0.042648 0.631253 0.774365 297
1679925800.279950 -8.296315 -12.421865 -0.191968 -0.008600 -0.042482 0.645540 0.762496 298
1679925801.279201 -8.270800 -12.379060 -0.188260 -0.008595 -0.042483 0.645819 0.762260 299
1679925801.978507 -8.044983 -11.961595 -0.153529 -0.003151 -0.043229 0.544264 0.837793 300
1679925802.480188 -7.839881 -11.560744 -0.121216 0.001371 -0.043322 0.453794 0.890052 301
1679925803.580427 -7.740047 -11.331477 -0.104117 0.003648 -0.043190 0.406174 0.912767 302
1679925804.780050 -7.752746 -11.331179 -0.105009 0.003411 -0.043209 0.411863 0.910215 303
1679925805.880247 -7.494536 -11.098904 -0.075562 0.004204 -0.043139 0.394543 0.917854 304
1679925806.679141 -6.943564 -10.553555 -0.010877 0.004715 -0.043086 0.383987 0.922321 305
1679925807.779315 -6.367332 -9.934684 0.058613 0.005465 -0.042998 0.368376 0.928666 306
1679925808.480056 -6.330748 -9.892472 0.063395 0.005422 -0.043003 0.367930 0.928843 307
1679925809.379831 -6.336743 -9.877428 0.063502 0.005468 -0.042997 0.368338 0.928681 308
1679925810.377836 -6.286145 -9.793879 0.070916 0.003293 -0.043218 0.414506 0.909014 309
1679925811.878767 -5.540035 -8.689802 0.174628 0.000466 -0.043341 0.473029 0.879980 310
1679925813.079806 -5.214082 -8.296368 0.215996 0.000223 -0.043343 0.477974 0.877304 311
1679925814.980237 -5.189118 -8.251740 0.219718 0.000172 -0.043343 0.479139 0.876668 312
1679925815.679699 -5.147838 -8.169919 0.226346 -0.000711 -0.043338 0.496487 0.866961 313
1679925816.380368 -4.894674 -7.635871 0.268402 -0.001177 -0.043328 0.506458 0.861174 314
1679925817.679794 -4.191055 -6.744241 0.359915 0.000528 -0.043340 0.473672 0.879634 315
1679925820.078959 -4.064749 -6.555110 0.377582 0.000208 -0.043343 0.480701 0.875813 316
1679925820.779761 -4.059259 -6.503567 0.380249 -0.000556 -0.043340 0.495660 0.867434 317
1679925821.682125 -3.945335 -5.921442 0.413387 -0.006666 -0.042828 0.612757 0.789082 318
1679925822.377602 -3.665893 -5.553142 0.450316 -0.000687 -0.043338 0.496614 0.866888 319
1679925823.278625 -3.124985 -4.995761 0.514803 0.002072 -0.043294 0.439666 0.897115 320
1679925824.478428 -2.993914 -4.865367 0.530221 0.000016 -0.043344 0.481512 0.875367 321
1679925825.279975 -3.005512 -4.856011 0.529799 0.000277 -0.043343 0.476471 0.878121 322
1679925826.380145 -2.842635 -4.613640 0.552537 -0.000057 -0.043344 0.482673 0.874727 323
1679925827.579814 -2.207286 -3.630889 0.643724 0.000182 -0.043343 0.474933 0.878954 324
1679925828.879073 -1.903214 -3.126840 0.688223 0.000095 -0.043344 0.475579 0.878605 325
1679925829.579774 -1.903878 -3.100856 0.689299 0.000098 -0.043344 0.475470 0.878663 326
1679925831.480207 -1.605494 -2.616773 0.732412 0.000337 -0.043342 0.468915 0.882179 327
1679925832.880318 -0.872949 -1.560462 0.832526 0.000125 -0.043343 0.466211 0.883611 328
1679925834.079982 -0.786271 -1.388186 0.846359 0.000030 -0.043344 0.466179 0.883628 329
1679925836.679803 -0.306452 -0.722377 0.910735 -0.000125 -0.043343 0.462013 0.885813 331
1679925837.180333 -0.017657 -0.307264 0.950223 -0.000269 -0.043343 0.459179 0.887285 332
1679925838.280279 0.356033 0.271249 1.002565 -0.000381 -0.043342 0.457770 0.888014 333
1679925839.579510 0.358062 0.315893 1.003760 -0.000431 -0.043342 0.457859 0.887967 334
1679925841.079224 0.764321 0.895045 1.057885 -0.000470 -0.043341 0.456851 0.888487 335
1679925841.879437 1.228822 1.505467 1.117800 -0.000570 -0.043340 0.457180 0.888317 336
1679925843.080604 1.495946 1.933567 1.155021 -0.000551 -0.043340 0.456199 0.888822 337
1679925844.179336 1.519752 1.974769 1.158472 -0.000555 -0.043340 0.456290 0.888775 338
1679925844.880076 1.529468 1.984870 1.159598 -0.000616 -0.043339 0.457475 0.888165 339
1679925845.579380 1.778695 2.276237 1.190147 -0.000438 -0.043341 0.453219 0.890345 340
1679925846.679526 2.402922 3.137885 1.271600 -0.000551 -0.043340 0.452012 0.890958 341
1679925847.779759 2.737354 3.598736 1.315113 -0.000623 -0.043339 0.452869 0.890523 342
1679925848.780398 2.712954 3.635811 1.314666 -0.000649 -0.043339 0.453046 0.890433 343
1679925849.872070 2.776195 3.727186 1.323156 -0.000555 -0.043340 0.451036 0.891452 344
1679925850.672292 3.213242 4.288214 1.378440 -0.000625 -0.043339 0.451238 0.891351 345
1679925852.171923 3.864427 5.235526 1.464991 -0.000715 -0.043338 0.450111 0.891920 346
1679925852.972208 3.880645 5.271466 1.467570 -0.000665 -0.043339 0.448861 0.892550 347
1679925853.772388 3.880014 5.279226 1.467830 -0.000678 -0.043338 0.449144 0.892407 348
1679925854.873995 3.995560 5.368761 1.480388 0.001511 -0.043317 0.403658 0.913882 349
1679925856.072651 4.856087 6.089292 1.574491 0.003980 -0.043161 0.348041 0.936477 350
1679925857.269524 5.412666 6.583033 1.636182 0.010961 -0.041935 0.191544 0.980526 351
1679925858.473302 5.399478 6.609055 1.636398 0.009001 -0.042399 0.235812 0.970832 352
1679925859.172623 5.411610 6.618433 1.637830 0.009011 -0.042397 0.235602 0.970882 353
1679925859.972971 5.875622 6.883737 1.684435 0.008336 -0.042535 0.250650 0.967107 354
1679925861.073097 6.860450 7.390989 1.781758 0.009453 -0.042300 0.224843 0.973431 355
1679925861.772669 7.081368 7.503956 1.803329 0.009063 -0.042386 0.233619 0.971362 356
1679925862.572815 7.123937 7.546272 1.808302 0.009010 -0.042397 0.234797 0.971078 357
1679925863.373096 7.134810 7.553975 1.809558 0.009014 -0.042396 0.234577 0.971131 358
1679925864.173332 7.165925 7.570748 1.812662 0.009029 -0.042393 0.234571 0.971132 359
1679925866.072556 8.578143 8.299688 1.951884 0.009005 -0.042398 0.236780 0.970596 360
1679925867.973052 8.954716 8.511559 1.989704 0.009070 -0.042384 0.236080 0.970766 361
1679925869.073156 9.006699 8.544219 1.995186 0.009101 -0.042378 0.234605 0.971124 362
1679925870.173615 9.844933 8.970691 2.077527 0.009092 -0.042379 0.234100 0.971246 363
1679925871.573548 10.672992 9.404561 2.158911 0.009004 -0.042398 0.234634 0.971117 364
1679925872.373815 10.733763 9.448801 2.165701 0.009009 -0.042397 0.235145 0.970993 365
1679925873.073197 10.744905 9.449478 2.166685 0.008984 -0.042402 0.235480 0.970912 366
1679925874.373824 10.787584 9.467092 2.170658 0.008838 -0.042433 0.238600 0.970150 367
1679925875.073215 11.254848 9.677784 2.215520 0.008750 -0.042451 0.239954 0.969816 368
1679925875.873599 11.937454 10.054613 2.284641 0.008685 -0.042465 0.238104 0.970272 369
1679925876.574150 12.427161 10.335690 2.334013 0.008944 -0.042411 0.231395 0.971894 370
1679925879.073308 12.571423 10.461724 2.350496 0.008961 -0.042407 0.228779 0.972513 371
1679925880.473444 13.610518 11.067404 2.456088 0.007487 -0.042692 0.257222 0.965380 372
1679925881.773983 14.216928 11.437153 2.517762 0.007033 -0.042769 0.265460 0.963147 373
1679925883.174041 14.244696 11.460983 2.521174 0.007012 -0.042773 0.266061 0.962981 374
1679925884.574200 14.908576 11.849673 2.587664 0.008015 -0.042596 0.241953 0.969319 375
1679925886.574097 16.000454 12.449136 2.695009 0.006354 -0.042875 0.276129 0.960143 376
1679925887.773945 16.031832 12.488732 2.698865 0.006432 -0.042864 0.274217 0.960691 377
1679925888.473247 16.043337 12.500713 2.700222 0.006448 -0.042861 0.273170 0.960989 378
1679925889.873652 16.810392 13.233377 2.786740 0.001099 -0.043330 0.386482 0.921278 379
1679925890.873997 17.378767 13.799634 2.851728 0.000051 -0.043344 0.407835 0.912026 380
1679925892.473309 17.452593 13.917874 2.861712 -0.000036 -0.043344 0.409477 0.911290 381
1679925893.473869 17.499874 13.970916 2.867228 -0.000152 -0.043343 0.411944 0.910178 382
1679925894.073716 17.729017 14.211324 2.894018 0.000112 -0.043344 0.405849 0.912912 384
1679925895.473837 18.267092 14.839461 2.958698 -0.001174 -0.043328 0.430953 0.901333 385
1679925897.274762 18.461378 15.047984 2.981901 -0.001502 -0.043318 0.437402 0.898221 386
1679925898.673568 18.427958 15.076357 2.979215 -0.001579 -0.043315 0.438308 0.897779 387
1679925899.374262 18.467613 15.134306 2.983334 -0.001431 -0.043320 0.435837 0.898981 388
1679925900.073606 18.730913 15.442058 3.013314 -0.001807 -0.043306 0.444133 0.894912 389
1679925900.774335 18.931776 15.731436 3.037390 -0.002213 -0.043287 0.452649 0.890635 390
1679925901.974026 19.405743 16.337101 3.093989 -0.001880 -0.043303 0.446186 0.893890 391
1679925902.573923 19.554222 16.555824 3.112943 -0.001509 -0.043317 0.438486 0.897692 392
1679925903.773705 19.603182 16.661961 3.120618 -0.001424 -0.043320 0.436667 0.898578 393
1679925904.373610 19.593491 16.680010 3.120562 -0.001484 -0.043318 0.437872 0.897992 394
1679925906.171798 19.686604 16.887880 3.135507 -0.006033 -0.042922 0.530196 0.846767 395
1679925906.775625 19.975727 17.311949 3.173447 -0.006466 -0.042859 0.537687 0.842030 396
1679925907.875781 20.293304 17.616793 3.209124 -0.014503 -0.040845 0.688588 0.723856 397
1679925908.871193 20.312605 17.675804 3.212770 -0.010400 -0.042077 0.613485 0.788516 398
1679925909.485710 20.321011 17.687263 3.214036 -0.012764 -0.041422 0.657306 0.752376 399
1679925910.580606 20.318611 17.690041 3.213646 -0.012176 -0.041599 0.646421 0.761749 400
1679925911.582534 20.318998 17.688620 3.213642 -0.012787 -0.041415 0.657649 0.752076 401
1679925913.283877 20.305037 17.691965 3.212682 -0.012676 -0.041449 0.655578 0.753882 403
1679925913.881048 20.273941 17.751173 3.212447 -0.012995 -0.041350 0.661455 0.748731 404
1679925914.983914 20.197884 17.849327 3.209852 -0.028409 -0.032736 0.905563 0.421992 405
1679925915.583689 20.165899 17.868711 3.207974 -0.035001 -0.025565 0.976897 0.209269 406
1679925916.685320 20.153189 17.914968 3.208620 -0.041060 -0.013885 0.994816 -0.091994 407
1679925917.782703 20.107056 17.886112 3.203879 -0.039991 -0.016716 0.998801 -0.022744 408
1679925919.381868 19.903530 17.825281 3.185584 -0.040879 -0.014409 0.995936 -0.078949 410
1679925920.083836 19.289448 17.671549 3.131565 -0.041500 -0.012507 0.991335 -0.124001 411
1679925921.181365 18.360588 17.430344 3.049471 -0.042733 -0.007252 0.969328 -0.241918 412
1679925922.281511 18.190695 17.377886 3.034168 -0.042949 -0.005839 0.961212 -0.272382 413
1679925924.582630 18.086828 17.304897 3.023345 -0.043083 -0.004744 0.954095 -0.296351 416
1679925925.682829 17.318544 16.625875 2.938785 -0.043329 -0.001131 0.927430 -0.371477 417
1679925926.882582 16.731413 15.902947 2.866942 -0.043338 0.000697 0.911523 -0.408959 418
1679925927.483630 16.706755 15.890470 2.864810 -0.043338 0.000709 0.912051 -0.407780 419
1679925928.582534 16.697504 15.898127 2.864822 -0.043337 0.000737 0.911019 -0.410079 420
1679925929.182345 16.521208 15.678175 2.843438 -0.043322 0.001363 0.905268 -0.422623 421
1679925929.783419 16.159174 15.250854 2.799911 -0.043299 0.001972 0.899135 -0.435519 422
1679925930.983183 15.452954 14.496300 2.717854 -0.043331 0.001058 0.909325 -0.413823 423
1679925931.583027 15.352976 14.391208 2.706402 -0.043337 0.000774 0.912190 -0.407469 424
1679925932.283637 15.331941 14.356160 2.703473 -0.043335 0.000852 0.911396 -0.409241 425
1679925933.483387 15.301009 14.299932 2.698955 -0.043329 0.001145 0.908756 -0.415071 426
1679925934.083251 15.082810 13.933918 2.669193 -0.043287 0.002226 0.898231 -0.437380 427
1679925934.683079 14.735036 13.474472 2.625890 -0.043309 0.001727 0.904727 -0.423780 428
1679925935.882751 14.081515 12.862006 2.553336 -0.043287 -0.002213 0.939989 -0.338441 429
1679925937.082409 14.026197 12.783452 2.545931 -0.043296 -0.002043 0.938927 -0.341376 430
1679925938.383276 14.008183 12.774007 2.544106 -0.043303 -0.001880 0.937742 -0.344619 432
1679925938.982848 13.750805 12.657313 2.519757 -0.042534 -0.008337 0.978466 -0.201808 433
1679925939.581334 13.480735 12.553790 2.494135 -0.039880 -0.016978 0.999055 0.003321 434
1679925940.181239 13.442369 12.517059 2.490067 -0.040363 -0.015796 0.998736 -0.025459 435
1679925940.783670 13.456252 12.412730 2.488156 -0.040661 -0.015013 0.998102 -0.043736 436
1679925942.082884 13.400738 12.392974 2.482236 -0.040652 -0.015037 0.998111 -0.043541 437
1679925943.183168 13.376575 12.397176 2.480566 -0.040646 -0.015053 0.998139 -0.042900 438
1679925943.882447 13.019808 12.483397 2.454564 -0.037087 -0.022433 0.988490 0.144946 439
1679925945.083496 12.814707 12.558881 2.440468 -0.034641 -0.026051 0.968875 0.243725 440
1679925945.683270 12.727793 12.532258 2.432573 -0.034803 -0.025834 0.970604 0.236747 441
1679925946.982522 12.708232 12.512262 2.430556 -0.034786 -0.025858 0.970417 0.237515 442
1679925948.183571 12.603045 12.570497 2.423773 -0.034765 -0.025886 0.970218 0.238324 443
1679925948.882887 12.058184 12.878739 2.390525 -0.034341 -0.026446 0.966092 0.254533 444
1679925950.183418 11.129715 13.436751 2.334560 -0.033802 -0.027131 0.960913 0.273437 445
1679925951.482692 10.979000 13.485614 2.324105 -0.033802 -0.027131 0.960964 0.273256 446
1679925952.082500 10.974145 13.487264 2.323752 -0.033821 -0.027107 0.961223 0.272345 447
1679925952.783205 10.930988 13.494756 2.320436 -0.033974 -0.026916 0.962742 0.266925 448
1679925953.984172 10.330059 13.722187 2.279594 -0.040993 -0.014080 0.996376 -0.073193 449
1679925954.680949 10.265424 13.748043 2.275400 -0.040172 -0.016275 0.998862 -0.019912 450
1679925955.883257 10.229853 13.754553 2.272655 -0.040081 -0.016498 0.998962 -0.014039 451
1679925957.682860 9.852735 13.641582 2.238750 -0.042431 -0.008848 0.978576 -0.201271 453
1679925958.384801 9.591189 13.600957 2.216207 -0.043329 -0.001120 0.927636 -0.370962 454
1679925959.080202 9.542835 13.581929 2.211551 -0.043173 -0.003839 0.948645 -0.313359 455
1679925959.682656 9.523229 13.572763 2.209535 -0.043163 -0.003954 0.949377 -0.311134 456
1679925960.981861 9.517242 13.559188 2.208687 -0.043170 -0.003880 0.948696 -0.313205 457
1679925961.682608 9.355013 13.247096 2.184410 -0.043344 -0.000003 0.908857 -0.414849 458
1679925962.884883 9.025442 12.800998 2.141922 0.042597 -0.008009 -0.803262 0.594047 459
1679925963.480682 9.025146 12.752248 2.140026 0.042817 -0.006737 -0.817628 0.574113 460
1679925964.182789 9.026450 12.740024 2.139403 0.042839 -0.006598 -0.817509 0.574283 461
1679925964.782495 9.029553 12.727454 2.139455 0.043740 -0.007403 -0.814545 0.578401 462
1679925966.083139 8.880835 12.137324 2.105399 0.042485 -0.008583 -0.792855 0.607868 463
1679925966.682878 8.690456 11.591710 2.072183 0.042377 -0.009104 -0.790132 0.611403 464
1679925967.282699 8.519621 11.077600 2.040064 0.042310 -0.009412 -0.786605 0.615933 465
1679925967.882501 8.467193 10.844827 2.027522 0.042221 -0.009800 -0.781248 0.622714 466
1679925968.581897 8.469720 10.774199 2.025001 0.042232 -0.009753 -0.781873 0.621930 467
1679925969.282723 8.469584 10.759383 2.024286 0.042237 -0.009733 -0.782007 0.621761 468
1679925971.584985 8.247643 10.009250 1.979691 0.042417 -0.008914 -0.794764 0.605368 469
1679925972.585656 7.979356 9.097420 1.926946 0.043011 -0.005361 -0.842643 0.536725 470
1679925973.282302 7.883314 8.823581 1.910492 -0.043339 -0.000653 0.909102 -0.414313 471
1679925974.186111 7.914232 8.792465 1.911104 -0.043338 0.000723 0.895036 -0.443882 472
1679925975.684325 7.908373 8.779105 1.910685 -0.043337 0.000771 0.894567 -0.444827 473
1679925980.384777 6.657295 7.211732 1.754836 -0.043277 -0.002396 0.924218 -0.379397 474
1679925981.284597 6.463513 7.069975 1.734536 -0.043209 -0.003414 0.932690 -0.358066 475
1679925982.384683 5.647147 6.411551 1.646406 -0.043140 -0.004199 0.938325 -0.343028 476
1679925983.484917 5.081390 5.920825 1.584033 -0.043135 -0.004245 0.938424 -0.342756 477
1679925984.584955 5.081150 5.879236 1.582616 -0.043129 -0.004304 0.938678 -0.342059 478
1679925987.184719 3.968299 4.969229 1.462121 -0.043109 -0.004502 0.939133 -0.340807 480
1679925987.985058 3.575557 4.611056 1.418258 -0.043121 -0.004385 0.937857 -0.344306 481
1679925988.783991 3.531774 4.568192 1.412998 -0.043118 -0.004420 0.938182 -0.343417 482
1679925989.984983 3.530683 4.558542 1.412453 -0.043118 -0.004422 0.938351 -0.342957 483
1679925991.184778 2.947663 4.050496 1.348069 -0.043150 -0.004098 0.935297 -0.351200 484
1679925992.283696 2.150283 3.394780 1.261925 -0.043331 -0.001071 0.905733 -0.421627 485
1679925993.383913 1.999216 3.231652 1.244140 -0.043340 0.000606 0.888546 -0.456736 486
1679925994.084646 1.995019 3.219614 1.243185 -0.043341 0.000526 0.889290 -0.455286 487
1679925994.684536 1.985806 3.202654 1.241813 -0.043340 0.000576 0.888767 -0.456305 488
1679925995.384019 1.755048 2.850721 1.210346 -0.043334 0.000922 0.884480 -0.464560 489
1679925996.785493 0.960936 1.763602 1.107312 -0.043333 0.000987 0.880764 -0.471567 490
1679925998.285259 0.847456 1.508891 1.088699 -0.043338 0.000706 0.882728 -0.467882 491
1679926000.184362 0.570383 1.141951 1.053501 -0.043334 0.000908 0.878928 -0.474981 493
1679926001.284660 0.019254 0.334448 0.979523 -0.043341 0.000471 0.881471 -0.470246 494
1679926002.084952 -0.024170 0.220115 0.971642 -0.043341 0.000503 0.880744 -0.471605 495
1679926002.784342 -0.031599 0.183219 0.969161 -0.043380 0.000478 0.880423 -0.472201 496
1679926003.885840 -0.034300 0.178167 0.969576 -0.043339 0.000645 0.879741 -0.473474 497
1679926005.085623 -0.032075 0.176802 0.969479 -0.043344 -0.000023 0.886510 -0.460675 498
1679926006.185807 -0.030919 0.174448 0.968934 -0.043382 -0.000258 0.888214 -0.457378 499
1679926006.984848 -0.032792 0.175676 0.969202 -0.043344 0.000031 0.886191 -0.461287 500
1679926007.785099 -0.033050 0.174799 0.969147 -0.043344 -0.000011 0.886144 -0.461379 501
1679926010.885449 -0.033104 0.175229 0.969112 -0.043344 0.000006 0.886133 -0.461400 503
1679926011.985522 -0.033615 0.175392 0.969441 -0.043344 0.000022 0.886141 -0.461384 505
1679926013.685586 -0.033297 0.175695 0.969143 -0.043344 -0.000001 0.886104 -0.461456 506
1679926014.485846 -0.033392 0.175491 0.969447 -0.043344 0.000046 0.886087 -0.461488 507
1679926015.085767 -0.033333 0.175304 0.968998 -0.043344 -0.000004 0.886132 -0.461402 508
1679926016.285629 -0.032990 0.175394 0.969280 -0.043344 0.000023 0.886126 -0.461413 509
1679926017.385713 -0.032956 0.175530 0.969238 -0.043344 0.000034 0.886092 -0.461478 510
1679926018.385042 -0.032693 0.175575 0.969292 -0.043344 0.000030 0.886114 -0.461435 511
1679926019.485216 -0.033416 0.175152 0.969074 -0.043344 -0.000005 0.886124 -0.461416 512
1679926022.085079 -0.033167 0.174581 0.969321 -0.043344 0.000026 0.886170 -0.461329 515
1679926022.585383 -0.033359 0.174573 0.969104 -0.043344 0.000016 0.886176 -0.461316 516
1679926023.886051 -0.033145 0.174679 0.969403 -0.043344 0.000041 0.886134 -0.461398 517
1679926025.185366 -0.033336 0.174940 0.969521 -0.043344 0.000045 0.886160 -0.461347 518
1679926026.485870 -0.033310 0.174587 0.968739 -0.043383 -0.000071 0.886189 -0.461288 519
1679926027.786493 -0.032873 0.174777 0.969145 -0.043344 0.000006 0.886123 -0.461419 520
1679926028.886677 -0.032880 0.174414 0.969413 -0.043344 0.000035 0.886168 -0.461333 521
1679926029.885911 -0.032707 0.174582 0.969180 -0.043344 0.000017 0.886189 -0.461292 522
1679926031.887166 -0.044287 0.160514 0.967758 -0.043340 0.000570 0.880423 -0.472204 525
1679926032.487072 -0.045588 0.158998 0.967786 -0.043341 0.000508 0.881173 -0.470802 526
1679926033.187729 -0.012704 0.205051 0.971534 -0.043383 0.000052 0.885014 -0.463538 527
1679926034.387545 -0.003551 0.208576 0.972343 -0.043382 -0.000159 0.887314 -0.459120 528
1679926035.787522 -0.003418 0.208729 0.972168 -0.043330 -0.000145 0.887373 -0.459013 530
1679926036.786818 -0.003252 0.209076 0.972782 -0.043344 -0.000084 0.887388 -0.458981 531
1679926038.087432 -0.003255 0.208806 0.972199 -0.043330 -0.000150 0.887431 -0.458900 532
1679926039.187575 -0.003337 0.209012 0.972722 -0.043344 -0.000081 0.887455 -0.458852 533
1679926040.387435 -0.003151 0.208859 0.972730 -0.043344 -0.000084 0.887447 -0.458866 534
1679926041.487425 -0.003069 0.209155 0.972879 -0.043344 -0.000058 0.887443 -0.458874 535
1679926042.486730 -0.003154 0.209152 0.972888 -0.043344 -0.000070 0.887456 -0.458850 536
1679926044.087166 -0.003033 0.209615 0.972850 -0.043344 -0.000088 0.887383 -0.458992 537
1679926045.286795 -0.003132 0.208968 0.972415 -0.043382 -0.000159 0.887486 -0.458788 538
1679926046.287458 -0.003109 0.210048 0.972776 -0.043344 -0.000075 0.887391 -0.458975 539
1679926048.086993 -0.003091 0.209268 0.972783 -0.043344 -0.000075 0.887425 -0.458911 540
1679926049.987442 -0.002872 0.209307 0.972776 -0.043344 -0.000093 0.887501 -0.458762 541
1679926050.986753 -0.002731 0.209039 0.972693 -0.043347 -0.000127 0.887502 -0.458760 542
1679926052.487605 -0.002934 0.209671 0.972799 -0.043344 -0.000082 0.887404 -0.458950 543
1679926053.487034 -0.002814 0.209265 0.972769 -0.043344 -0.000093 0.887459 -0.458843 544
1679926055.486892 -0.002720 0.209098 0.972666 -0.043392 -0.000064 0.887505 -0.458751 547
1679926056.787531 -0.002420 0.209571 0.972919 -0.043344 -0.000068 0.887437 -0.458886 548
1679926058.086675 -0.002658 0.208890 0.972258 -0.043330 -0.000138 0.887514 -0.458740 550
1679926059.087317 -0.002615 0.209177 0.972455 -0.043382 -0.000168 0.887479 -0.458801 551
1679926060.386566 -0.002666 0.209457 0.972713 -0.043347 -0.000135 0.887472 -0.458818 552
1679926060.886971 -0.002582 0.209333 0.972806 -0.043344 -0.000089 0.887485 -0.458794 553
1679926061.786582 0.002468 0.215041 0.973413 -0.043344 -0.000110 0.887648 -0.458478 554
