timestamp x y z qx qy qz qw id
1679926247.482185 -0.071200 0.301257 -2.366194 0.014951 0.005170 0.882652 -0.469761 1
1679926248.082052 -0.071260 0.301148 -2.366072 0.014933 0.005218 0.882642 -0.469779 2
1679926250.181512 -0.071637 0.301115 -2.366193 0.014950 0.005172 0.882663 -0.469741 4
1679926250.882293 -0.071360 0.301173 -2.366207 0.014952 0.005166 0.882633 -0.469796 5
1679926252.282389 -0.071625 0.301250 -2.366191 0.014951 0.005170 0.882650 -0.469764 7
1679926252.981771 -0.071512 0.301617 -2.366249 0.014955 0.005157 0.882513 -0.470023 8
1679926253.581618 -0.071369 0.301340 -2.366088 0.014926 0.005216 0.882652 -0.469762 9
1679926255.182254 -0.071632 0.301487 -2.366486 0.014817 0.005017 0.882630 -0.469808 10
1679926255.882932 -0.071622 0.301707 -2.366207 0.014953 0.005165 0.882549 -0.469954 11
1679926256.582307 -0.071123 0.301408 -2.366193 0.014951 0.005169 0.882644 -0.469776 12
1679926257.982396 -0.071385 0.301376 -2.366200 0.014953 0.005163 0.882619 -0.469823 13
1679926258.681813 -0.071338 0.300797 -2.366175 0.014948 0.005178 0.882731 -0.469612 14
1679926259.281590 -0.071564 0.301499 -2.366197 0.014951 0.005171 0.882611 -0.469838 15
1679926260.683084 -0.071632 0.302361 -2.366207 0.014952 0.005166 0.882619 -0.469822 16
1679926261.482018 -0.071463 0.301776 -2.366190 0.014948 0.005178 0.882598 -0.469862 17
1679926262.182753 -0.071202 0.300975 -2.366230 0.014954 0.005160 0.882567 -0.469921 18
1679926262.782604 -0.070959 0.301449 -2.366407 0.014950 0.005210 0.882557 -0.469938 19
1679926264.182681 -0.071509 0.300757 -2.366189 0.014952 0.005167 0.882607 -0.469846 21
1679926264.882092 -0.071363 0.301120 -2.366079 0.014927 0.005215 0.882606 -0.469848 22
1679926266.282260 -0.071771 0.300923 -2.366210 0.014954 0.005161 0.882665 -0.469737 23
1679926267.082495 -0.144926 0.203869 -2.362432 0.014849 0.004922 0.880071 -0.474585 24
1679926267.682321 -0.126385 0.243795 -2.363897 0.014874 0.004847 0.877780 -0.478808 25
1679926269.082419 -0.549364 0.145461 -2.352582 0.014913 0.004725 0.873274 -0.486978 26
1679926269.682277 -0.566036 0.127537 -2.351766 0.014910 0.004734 0.873664 -0.486278 27
1679926270.482490 -0.567729 0.121366 -2.351543 0.014910 0.004736 0.873686 -0.486238 28
1679926271.786757 -0.525858 -0.006177 -2.349578 -0.015429 -0.002583 -0.795410 0.605870 30
1679926272.390579 -0.505476 -0.319335 -2.341664 -0.015660 -0.001993 -0.767310 0.641083 31
1679926273.890146 -1.448711 -1.124148 -1.792775 0.135746 -0.195703 0.883956 -0.402361 32
1679926274.588134 -1.733321 -1.426771 -1.747950 0.124920 -0.202785 0.854865 -0.460955 33
1679926275.288826 -1.777184 -1.503680 -1.748469 0.124970 -0.202754 0.854979 -0.460743 34
1679926275.988261 -1.786639 -1.519497 -1.748298 0.125021 -0.202722 0.855377 -0.460004 35
1679926277.388293 -1.899029 -1.778956 -1.762314 0.117560 -0.207138 0.833333 -0.498829 37
1679926278.087717 -2.223939 -2.350904 -1.764098 0.120269 -0.205578 0.841687 -0.484599 38
1679926278.788377 -2.603678 -2.868823 -1.732614 0.125013 -0.202728 0.855736 -0.459336 39
1679926280.188521 -2.875749 -3.235393 -1.708258 0.125028 -0.202718 0.855748 -0.459313 40
1679926280.889168 -2.886104 -3.248727 -1.707591 0.125017 -0.202725 0.855494 -0.459786 41
1679926281.888456 -2.920374 -3.315218 -1.708500 0.122726 -0.204120 0.849220 -0.471274 42
1679926282.788322 -3.319039 -3.972049 -1.700047 0.123323 -0.203760 0.851136 -0.467805 43
1679926283.688272 -3.830553 -4.658020 -1.653716 0.127026 -0.201472 0.861570 -0.448297 44
1679926284.188303 -3.971135 -4.887181 -1.649845 0.124628 -0.202965 0.854815 -0.461047 45
1679926284.788159 -3.999077 -4.969672 -1.657550 0.124801 -0.202858 0.855369 -0.460018 46
1679926285.987880 -4.013799 -4.999630 -1.658398 0.124765 -0.202880 0.855320 -0.460110 47
1679926286.988522 -4.062582 -5.078381 -1.657120 0.124432 -0.203085 0.854351 -0.461907 48
1679926287.987861 -4.565382 -5.830388 -1.628282 0.121151 -0.205059 0.844741 -0.479256 49
1679926288.588992 -4.851663 -6.308466 -1.623916 0.122728 -0.204119 0.849014 -0.471644 50
1679926290.188237 -5.121509 -6.749977 -1.617051 0.124572 -0.202999 0.854452 -0.461719 51
1679926292.188195 -5.360909 -7.153409 -1.613619 0.129139 -0.200124 0.866978 -0.437748 53
1679926293.188808 -5.943138 -7.895136 -1.550456 0.156121 -0.179869 0.928972 -0.283344 54
1679926294.087352 -6.541348 -8.150683 -1.369178 0.164674 -0.172073 0.943187 -0.231671 55
1679926294.789308 -6.551308 -8.181767 -1.372072 0.164830 -0.171924 0.943573 -0.230093 56
1679926295.488776 -6.543354 -8.196964 -1.378355 0.165594 -0.171187 0.944705 -0.225400 57
1679926296.988352 -6.990353 -8.424468 -1.250757 0.165177 -0.171591 0.943945 -0.228563 58
1679926298.288970 -8.059610 -9.066596 -0.966353 0.165821 -0.170968 0.944511 -0.226213 59
1679926299.389103 -8.338013 -9.229271 -0.891483 0.165482 -0.171296 0.943910 -0.228709 60
1679926299.988986 -8.336266 -9.243773 -0.896021 0.165510 -0.171269 0.943953 -0.228532 61
1679926301.488629 -8.757753 -9.452295 -0.773183 0.165886 -0.170905 0.944427 -0.226564 62
1679926302.388438 -9.536262 -9.906538 -0.562174 0.166020 -0.170775 0.944193 -0.227536 63
1679926303.288218 -10.076667 -10.245655 -0.420678 0.162548 -0.174083 0.938229 -0.250999 64
1679926304.288957 -10.112080 -10.289231 -0.416292 0.163094 -0.173571 0.939422 -0.246496 65
1679926304.888789 -10.109670 -10.297092 -0.418924 0.163341 -0.173339 0.939857 -0.244832 66
1679926305.889366 -10.380506 -10.638961 -0.386950 0.142527 -0.190821 0.897780 -0.370493 67
1679926307.387734 -11.265159 -11.669935 -0.261270 0.131979 -0.198263 0.870095 -0.431519 68
1679926308.489175 -11.386331 -11.867369 -0.256268 0.129671 -0.199780 0.863743 -0.444096 69
1679926309.188668 -11.391868 -11.878208 -0.256840 0.129588 -0.199834 0.863460 -0.444646 70
1679926309.988845 -11.392961 -11.880025 -0.257174 0.129493 -0.199895 0.863239 -0.445076 71
1679926310.789141 -11.505076 -12.067931 -0.253845 0.126753 -0.201644 0.855339 -0.460075 72
1679926311.688941 -11.990867 -12.780686 -0.217177 0.128083 -0.200802 0.858085 -0.454933 73
1679926312.988184 -12.481569 -13.505524 -0.181657 0.129923 -0.199616 0.862858 -0.445813 74
1679926314.388189 -12.507061 -13.563110 -0.183990 0.129595 -0.199829 0.861774 -0.447905 75
1679926317.488367 -13.415410 -14.907713 -0.115132 0.131382 -0.198659 0.865375 -0.440908 77
1679926317.988642 -13.574364 -15.133068 -0.101100 0.130345 -0.199341 0.862232 -0.447022 78
1679926318.489052 -13.602303 -15.202454 -0.105535 0.130151 -0.199468 0.861764 -0.447925 79
1679926319.688684 -13.625131 -15.244250 -0.105611 0.130046 -0.199536 0.861641 -0.448160 80
1679926320.788985 -13.636264 -15.266613 -0.105629 0.130045 -0.199537 0.861452 -0.448524 82
1679926321.889139 -14.052361 -15.973543 -0.094358 -0.110384 0.211050 -0.801341 0.548749 83
1679926322.490351 -14.352394 -16.432043 -0.074111 -0.111256 0.210591 -0.803237 0.545970 84
1679926323.088842 -14.644079 -16.781082 -0.034125 0.134142 -0.196806 0.871931 -0.427796 85
1679926324.190317 -14.770144 -16.934542 -0.016225 0.130507 -0.199235 0.861911 -0.447641 86
1679926325.388799 -14.779663 -16.951881 -0.016665 0.130350 -0.199338 0.861122 -0.449158 87
1679926326.487582 -15.085627 -17.465820 -0.006256 0.148298 -0.186372 0.906947 -0.347449 88
1679926328.188886 -15.867629 -18.540005 0.074832 0.130348 -0.199339 0.860061 -0.451186 89
1679926329.088783 -15.884562 -18.595922 0.069702 0.131301 -0.198712 0.862931 -0.445671 90
1679926330.089419 -15.888810 -18.607731 0.068184 0.131000 -0.198911 0.861824 -0.447810 91
1679926331.599271 -16.208921 -19.096542 0.090843 0.130445 -0.199276 0.860155 -0.451007 93
1679926332.499024 -16.711863 -19.804230 0.140128 0.130512 -0.199232 0.859573 -0.452114 94
1679926332.999447 -16.927576 -20.111221 0.160561 0.130577 -0.199189 0.859483 -0.452285 95
1679926334.899713 -17.019642 -20.310360 0.154443 0.130432 -0.199284 0.859076 -0.453058 96
1679926336.699320 -17.289707 -20.663084 0.186963 0.130425 -0.199289 0.858835 -0.453516 98
1679926337.499595 -17.728411 -21.319231 0.222077 0.130494 -0.199244 0.858542 -0.454070 99
1679926338.498889 -18.156404 -21.973566 0.254311 0.130599 -0.199175 0.858238 -0.454644 100
1679926339.499504 -18.159882 -22.014021 0.246903 0.130816 -0.199032 0.859051 -0.453106 101
1679926340.999174 -18.197989 -22.139933 0.233902 0.124146 -0.203259 0.839783 -0.487892 102
1679926341.500904 -18.380287 -22.545275 0.220378 0.124018 -0.203337 0.838855 -0.489485 103
1679926342.896997 -19.171267 -23.498779 0.336238 0.144184 -0.189572 0.893478 -0.380750 104
1679926343.399949 -19.301035 -23.586721 0.369766 0.131593 -0.198519 0.859530 -0.452197 105
1679926344.899744 -19.332787 -23.651173 0.368586 0.139493 -0.193050 0.881317 -0.408110 106
1679926345.799339 -19.524794 -23.820427 0.410371 0.145272 -0.188740 0.895793 -0.375270 107
1679926347.198108 -20.369358 -24.746956 0.555371 0.129663 -0.199785 0.853168 -0.464088 108
1679926348.696439 -20.530237 -25.245735 0.512697 0.133659 -0.197134 0.864940 -0.441760 109
1679926349.199408 -20.511730 -25.248104 0.504408 0.134043 -0.196873 0.865837 -0.439999 110
1679926350.999138 -20.499260 -25.274523 0.493673 0.134022 -0.196887 0.865760 -0.440150 111
1679926351.499282 -20.604147 -25.458385 0.496698 0.129977 -0.199581 0.854249 -0.462096 112
1679926353.300186 -21.566807 -26.730989 0.628653 -0.126765 0.201637 -0.828616 0.506625 113
1679926354.299586 -21.674946 -26.907082 0.637046 0.135180 -0.196094 0.850003 -0.469860 114
1679926354.899436 -21.685099 -26.926500 0.637869 0.135599 -0.195805 0.851664 -0.466842 115
1679926355.499292 -21.686855 -26.930010 0.637747 0.136818 -0.194955 0.855911 -0.459010 116
1679926356.799892 -21.746300 -27.239573 0.600042 -0.112541 0.209908 -0.775908 0.584158 117
1679926357.796409 -22.159153 -28.008648 0.617672 0.139729 -0.192879 0.862827 -0.445873 118
1679926358.501027 -22.529655 -28.405317 0.693379 0.137257 -0.194646 0.854822 -0.461034 119
1679926359.599856 -22.753399 -28.637590 0.739318 0.139740 -0.192872 0.862421 -0.446659 120
1679926360.199614 -22.748642 -28.648220 0.735110 0.139587 -0.192982 0.861868 -0.447724 121
1679926361.498717 -22.771147 -28.706516 0.732913 0.139958 -0.192713 0.862990 -0.445559 122
1679926362.699735 -23.214733 -29.578960 0.742950 -0.122143 0.204469 -0.807513 0.539625 123
1679926363.299526 -23.496181 -30.042322 0.763844 -0.127716 0.201035 -0.824290 0.513633 124
1679926364.499266 -23.775475 -30.395401 0.810562 0.139413 -0.193108 0.861287 -0.448841 125
1679926365.299408 -23.771679 -30.409845 0.805594 0.139367 -0.193141 0.859953 -0.451392 126
1679926366.598585 -23.904959 -30.686666 0.805231 0.146743 -0.187599 0.880990 -0.408816 127
1679926367.599112 -24.343849 -31.468925 0.832086 0.144274 -0.189504 0.874290 -0.422954 128
1679926368.298511 -24.720697 -31.988800 0.886126 0.141386 -0.191668 0.866218 -0.439250 129
1679926368.999043 -24.847822 -32.113380 0.912365 0.139484 -0.193056 0.860842 -0.449695 130
1679926370.298396 -24.822926 -32.136066 0.897681 0.141510 -0.191576 0.866480 -0.438733 131
1679926371.199264 -24.861374 -32.171349 0.907630 0.141080 -0.191893 0.865393 -0.440872 132
1679926372.197371 -25.406116 -32.739223 1.020537 0.151703 -0.183610 0.893964 -0.379607 133
1679926373.399587 -25.993279 -33.614204 1.090372 0.134518 -0.196549 0.846149 -0.476765 134
1679926374.698876 -26.028709 -33.856010 1.057800 0.139668 -0.192923 0.861342 -0.448736 135
1679926375.199080 -26.031485 -33.874020 1.055600 0.139677 -0.192917 0.861285 -0.448845 136
1679926376.398697 -26.073326 -33.915375 1.061526 0.140557 -0.192277 0.863759 -0.444065 138
1679926377.197682 -26.492212 -34.375713 1.146202 0.143990 -0.189719 0.873595 -0.424387 139
1679926377.699236 -26.749744 -34.768036 1.175095 0.137985 -0.194131 0.856586 -0.457748 140
1679926378.897586 -27.145041 -35.587605 1.173562 0.140129 -0.192589 0.862820 -0.445888 141
1679926379.398118 -27.147198 -35.622795 1.168696 0.139199 -0.193262 0.860210 -0.450901 142
1679926380.098531 -27.137451 -35.637192 1.161751 0.139001 -0.193404 0.859722 -0.451832 143
1679926381.497320 -27.436647 -35.956890 1.221973 0.146053 -0.188136 0.879492 -0.412028 144
1679926382.098470 -27.799953 -36.442051 1.276124 0.144329 -0.189461 0.874958 -0.421572 145
1679926382.799121 -28.162228 -36.967747 1.322367 0.145719 -0.188395 0.879044 -0.412984 146
1679926383.396303 -28.348791 -37.236038 1.346032 0.154865 -0.180952 0.902299 -0.359346 147
1679926385.097614 -28.334688 -37.265186 1.333736 0.153528 -0.182087 0.899045 -0.367413 148
1679926386.597216 -28.874834 -37.772499 1.457229 0.155075 -0.180771 0.902853 -0.357951 149
1679926387.597815 -29.515413 -38.465240 1.584832 0.152790 -0.182707 0.897474 -0.371233 150
1679926388.797479 -29.733925 -38.748123 1.619574 0.153613 -0.182015 0.899434 -0.366458 151
1679926389.897717 -29.733486 -38.761826 1.615356 0.153711 -0.181933 0.899664 -0.365894 152
1679926390.797401 -30.001757 -39.081814 1.663427 0.149891 -0.185093 0.890177 -0.388405 153
1679926392.090688 -30.768938 -39.934795 1.811135 -0.114286 0.208962 -0.781580 0.576547 154
1679926392.794015 -30.897806 -40.043072 1.841508 -0.096589 0.217709 -0.718762 0.653189 155
1679926393.389837 -30.868370 -40.073380 1.824057 -0.105537 0.213515 -0.751308 0.615475 156
1679926394.292275 -30.863993 -40.079353 1.818889 -0.106248 0.213162 -0.753106 0.613274 157
1679926395.693687 -30.944592 -40.650578 1.742313 -0.056374 0.231406 -0.575419 0.782411 158
1679926397.292828 -30.964603 -40.712280 1.733690 -0.069153 0.227913 -0.617084 0.749987 159
1679926398.290817 -30.933817 -40.765583 1.710902 -0.065070 0.229112 -0.603080 0.761294 160
1679926399.291391 -30.679018 -41.399643 1.478260 -0.003090 0.238153 -0.393388 0.887986 161
1679926400.290660 -30.621302 -41.561123 1.421449 -0.003923 0.238141 -0.396474 0.886613 162
1679926401.191935 -30.608147 -41.575119 1.413107 -0.004974 0.238121 -0.400374 0.884858 163
1679926401.990816 -30.530161 -41.634987 1.368502 0.005695 0.238105 -0.366122 0.899571 164
1679926403.491675 -29.500708 -42.529625 0.758716 0.026562 0.236688 -0.301345 0.923290 165
1679926404.991205 -29.033869 -42.867542 0.496251 0.032472 0.235949 -0.282766 0.929148 166
1679926406.192220 -29.018326 -42.878101 0.487715 0.032714 0.235916 -0.281942 0.929399 167
1679926407.091912 -28.956501 -42.905937 0.456228 0.034746 0.235625 -0.275757 0.931253 168
1679926408.391244 -28.028944 -43.433441 -0.036940 0.050790 0.232695 -0.225917 0.944582 169
1679926409.091933 -27.536533 -43.764114 -0.308753 0.045681 0.233752 -0.241574 0.940699 170
1679926409.791222 -27.332962 -43.858955 -0.413328 0.043643 0.234141 -0.248104 0.938998 171
1679926410.392429 -27.291752 -43.880085 -0.434269 0.043552 0.234158 -0.248055 0.939011 172
1679926412.392434 -27.273518 -43.889957 -0.443957 0.043491 0.234169 -0.248374 0.938927 174
1679926413.791150 -26.859528 -44.246876 -0.627731 -0.014936 0.007472 -0.258005 0.965999 175
1679926414.491977 -26.483458 -44.463497 -0.630729 -0.015130 0.007072 -0.281075 0.959541 176
1679926415.792659 -26.391237 -44.508678 -0.631916 -0.014877 0.007589 -0.243494 0.969759 177
1679926416.591538 -26.292635 -44.520885 -0.633597 -0.014862 0.007620 -0.244325 0.969550 178
1679926417.191417 -26.270298 -44.529060 -0.633957 -0.014875 0.007594 -0.244893 0.969406 179
1679926417.892122 -26.251038 -44.527107 -0.634399 -0.014877 0.007590 -0.245963 0.969135 180
1679926418.591607 -26.244713 -44.528240 -0.634561 -0.014895 0.007554 -0.247203 0.968820 181
1679926419.893565 -26.055592 -44.566448 -0.637771 -0.011802 0.011817 0.066950 0.997617 182
1679926420.593021 -25.972595 -44.605816 -0.638588 -0.011477 0.012133 0.093609 0.995469 183
1679926421.291109 -25.929981 -44.593929 -0.639780 -0.011545 0.012068 0.088629 0.995925 184
1679926423.191538 -25.640961 -44.443909 -0.649949 -0.009009 0.014063 0.278150 0.960392 185
1679926424.589101 -24.916384 -44.224197 -0.671363 -0.010937 0.012622 0.137046 0.990424 187
1679926425.295164 -24.935863 -44.211548 -0.671218 -0.006695 0.015300 0.424448 0.905298 188
1679926427.093478 -24.874523 -44.179539 -0.673396 -0.007818 0.014758 0.356086 0.934304 189
1679926427.692124 -24.873863 -44.181377 -0.673452 -0.007743 0.014798 0.361352 0.932280 190
1679926428.293167 -24.868835 -44.163113 -0.673940 -0.007565 0.014889 0.372189 0.928007 191
1679926428.890409 -24.793293 -43.976574 -0.680179 -0.006567 0.015356 0.432288 0.901581 192
1679926429.593822 -24.594809 -43.411709 -0.698840 -0.004552 0.016069 0.543943 0.838956 193
1679926430.893121 -24.129478 -42.439232 -0.733578 -0.003237 0.016384 0.609756 0.792413 194
1679926431.491615 -24.080038 -42.331303 -0.737331 -0.003209 0.016390 0.610198 0.792073 195
1679926432.092901 -24.078201 -42.303097 -0.738124 -0.003224 0.016387 0.609684 0.792468 196
1679926432.792248 -24.079659 -42.297703 -0.738337 -0.003188 0.016394 0.610584 0.791776 197
1679926434.192430 -23.969742 -41.996483 -0.748136 -0.005138 0.015891 0.511930 0.858865 198
1679926434.792411 -23.784279 -41.463631 -0.765661 -0.004607 0.016053 0.539819 0.841615 199
1679926435.493010 -23.531380 -40.852020 -0.786566 -0.004576 0.016062 0.541244 0.840700 200
1679926436.792277 -23.307800 -40.366276 -0.803561 -0.004013 0.016212 0.569976 0.821492 201
1679926438.092915 -23.324789 -40.362495 -0.803340 -0.004030 0.016207 0.569024 0.822151 202
1679926438.791053 -23.321634 -40.203880 -0.807378 -0.002781 0.016468 0.630198 0.776254 204
1679926439.993323 -23.257986 -39.106232 -0.836288 -0.001397 0.016643 0.692602 0.721127 205
1679926441.293988 -23.238203 -38.365662 -0.855416 -0.000310 0.016698 0.737982 0.674614 206
1679926441.992154 -23.247091 -38.336281 -0.856003 -0.000343 0.016698 0.736581 0.676143 207
1679926443.193150 -23.248884 -38.316715 -0.856307 -0.000313 0.016698 0.737727 0.674892 208
1679926443.792963 -23.221313 -37.995655 -0.864925 -0.000637 0.016689 0.724705 0.688857 209
1679926444.392836 -23.192997 -37.436375 -0.879646 -0.001598 0.016624 0.683610 0.729656 210
1679926445.692072 -23.036633 -36.367043 -0.909849 -0.003551 0.016319 0.592361 0.805500 211
1679926446.293267 -23.037077 -36.322052 -0.911123 -0.003394 0.016352 0.599898 0.799902 212
1679926446.893144 -23.048744 -36.321583 -0.910752 -0.003372 0.016357 0.600696 0.799303 213
1679926448.692649 -22.786409 -35.681499 -0.932606 -0.003886 0.016243 0.575420 0.817688 215
1679926449.292501 -22.588915 -35.134628 -0.950640 -0.004013 0.016212 0.568832 0.822285 216
1679926450.490892 -22.308174 -34.448498 -0.973946 -0.005676 0.015707 0.480415 0.876882 217
1679926451.093341 -22.325480 -34.435787 -0.973948 -0.005518 0.015763 0.488922 0.872168 218
1679926452.172763 -22.336145 -34.431904 -0.973809 -0.005522 0.015762 0.488768 0.872254 219
1679926453.372491 -22.042631 -34.001179 -0.991106 -0.009460 0.013763 0.243711 0.969704 220
1679926454.576194 -22.008558 -33.854008 -0.995578 -0.009751 0.013559 0.222706 0.974743 221
1679926455.272872 -21.982033 -33.820885 -0.996977 -0.009708 0.013590 0.225865 0.974015 222
1679926455.773202 -21.966522 -33.811710 -0.997539 -0.009699 0.013596 0.226366 0.973899 223
1679926456.473932 -21.951979 -33.781128 -0.998630 -0.009540 0.013708 0.237775 0.971177 224
1679926457.976190 -21.807648 -33.584862 -1.006684 -0.004251 0.016151 0.556490 0.830687 225
1679926458.974225 -21.790352 -33.516804 -1.008766 -0.004763 0.016008 0.529971 0.847851 226
1679926460.873383 -21.511702 -33.116512 -1.024953 -0.005372 0.015813 0.497161 0.867498 228
1679926461.373502 -21.250322 -32.679348 -1.041636 -0.005473 0.015779 0.491206 0.870883 229
1679926461.873978 -21.008163 -32.277100 -1.057150 -0.005494 0.015772 0.490187 0.871457 230
1679926462.374164 -20.830069 -31.932402 -1.069711 -0.005747 0.015681 0.475883 0.879350 231
1679926462.972866 -20.726286 -31.774647 -1.075962 -0.005864 0.015638 0.469021 0.883029 232
1679926463.573858 -20.727236 -31.737844 -1.076902 -0.005855 0.015641 0.470100 0.882455 233
1679926464.973958 -20.662611 -31.622517 -1.081231 -0.005830 0.015650 0.471112 0.881915 234
1679926466.173594 -20.034834 -30.700226 -1.118492 -0.005699 0.015699 0.477377 0.878540 235
1679926466.673995 -19.776230 -30.331589 -1.133472 -0.005798 0.015662 0.471766 0.881566 236
1679926467.673393 -19.605156 -30.050917 -1.144381 -0.005853 0.015642 0.468755 0.883171 237
1679926468.173733 -19.594784 -30.026791 -1.145193 -0.005853 0.015642 0.468967 0.883058 238
1679926469.273751 -19.592384 -30.020977 -1.145355 -0.005831 0.015650 0.469679 0.882680 239
1679926470.373975 -19.228769 -29.439644 -1.167964 -0.005759 0.015677 0.473975 0.880380 240
1679926471.273720 -18.719555 -28.739565 -1.196721 -0.005963 0.015600 0.462272 0.886581 241
1679926471.973010 -18.474848 -28.376858 -1.211193 -0.005872 0.015635 0.467564 0.883801 242
1679926473.472703 -18.439554 -28.299988 -1.213964 -0.005863 0.015638 0.467836 0.883658 243
1679926474.272923 -18.426031 -28.277763 -1.214790 -0.005833 0.015649 0.469593 0.882725 244
1679926477.073123 -17.330887 -26.660414 -1.279441 -0.005851 0.015643 0.468277 0.883424 245
1679926478.272781 -17.302343 -26.605532 -1.281534 -0.005871 0.015635 0.467606 0.883779 246
1679926480.173154 -16.981714 -26.171703 -1.299428 -0.005805 0.015660 0.471013 0.881968 248
1679926480.773253 -16.653915 -25.663961 -1.319352 -0.005788 0.015666 0.471614 0.881647 249
1679926481.974025 -16.179701 -24.950500 -1.347660 -0.005200 0.015871 0.503963 0.863564 250
1679926482.773001 -16.189516 -24.932413 -1.347893 -0.005243 0.015857 0.501604 0.864936 251
1679926484.772938 -16.133959 -24.672029 -1.355617 -0.003951 0.016227 0.569316 0.821949 253
1679926485.974057 -15.783533 -23.608551 -1.389897 -0.003458 0.016339 0.593427 0.804715 254
1679926487.173855 -15.504080 -23.058058 -1.409652 -0.002640 0.016491 0.632281 0.774559 255
1679926488.573835 -15.496384 -23.022558 -1.410834 -0.002624 0.016494 0.633178 0.773826 256
1679926489.573132 -15.371869 -22.668722 -1.422322 -0.004181 0.016169 0.556037 0.830990 257
1679926490.673219 -14.965308 -21.681190 -1.455862 -0.004814 0.015992 0.521498 0.853089 258
1679926491.572961 -14.688761 -21.121992 -1.475990 -0.005324 0.015830 0.494073 0.869260 259
1679926493.073933 -14.712386 -21.094503 -1.476282 -0.005301 0.015837 0.494985 0.868741 260
1679926493.872897 -14.612287 -20.951429 -1.481935 -0.005492 0.015772 0.484702 0.874520 261
1679926494.472837 -14.295181 -20.499517 -1.500282 -0.005652 0.015715 0.475596 0.879505 262
1679926495.574234 -13.760302 -19.649340 -1.533322 -0.005900 0.015624 0.461211 0.887133 263
1679926497.473419 -13.607366 -19.408751 -1.542709 -0.006040 0.015571 0.453048 0.891330 264
1679926498.873375 -13.401019 -19.107065 -1.554802 -0.006150 0.015527 0.446579 0.894588 266
1679926499.872702 -12.788302 -18.347927 -1.587304 -0.006384 0.015433 0.432459 0.901499 267
1679926500.475237 -12.500491 -17.976389 -1.602642 -0.007963 0.014680 0.335514 0.941887 268
1679926501.974777 -12.386436 -17.797989 -1.609703 -0.008467 0.014396 0.303365 0.952728 269
1679926502.873325 -12.384363 -17.795792 -1.609771 -0.008466 0.014396 0.302970 0.952854 270
1679926503.774324 -12.282190 -17.762592 -1.612992 -0.009438 0.013779 0.236241 0.971551 271
1679926504.372893 -11.912868 -17.654173 -1.624034 -0.011901 0.011717 0.044437 0.998873 272
1679926505.575201 -11.786666 -17.582659 -1.628642 -0.012329 0.011265 0.005815 0.999844 273
1679926506.273286 -11.762244 -17.573328 -1.629438 -0.012310 0.011286 0.008539 0.999824 274
1679926507.673427 -11.719307 -17.578325 -1.630319 -0.012124 0.011486 0.026089 0.999520 275
1679926508.273242 -11.375874 -17.621077 -1.636902 -0.013058 0.010412 -0.059587 0.998083 276
1679926508.873049 -10.900147 -17.719540 -1.645261 -0.014498 0.008290 -0.212452 0.977029 277
1679926510.672657 -10.571677 -17.823988 -1.650141 -0.014902 0.007540 -0.261766 0.964987 278
1679926511.273823 -10.575592 -17.819859 -1.650132 -0.014901 0.007542 -0.261721 0.964999 279
1679926512.375485 -10.361969 -17.966511 -1.651294 -0.015048 0.007245 -0.280928 0.959584 280
1679926513.576521 -9.419163 -18.540873 -1.658124 -0.015084 0.007168 -0.286803 0.957844 281
1679926515.376136 -8.862236 -18.818058 -1.663616 -0.014398 0.008463 -0.202833 0.979071 282
1679926515.975987 -8.852149 -18.813145 -1.664022 -0.014301 0.008627 -0.190722 0.981502 283
1679926518.076722 -8.289381 -18.924480 -1.673769 -0.010853 0.012694 0.125215 0.991989 285
1679926518.973977 -8.172760 -18.928690 -1.676293 -0.011189 0.012398 0.098626 0.994984 286
1679926519.576417 -8.159081 -18.931419 -1.676524 -0.011221 0.012370 0.095634 0.995277 287
1679926520.776133 -8.131246 -18.915035 -1.677558 -0.010932 0.012626 0.118555 0.992807 288
1679926521.476814 -7.951436 -18.842701 -1.683375 -0.007375 0.014984 0.366605 0.930227 289
1679926522.177494 -7.918163 -18.829084 -1.684471 -0.007406 0.014969 0.365278 0.930749 290
1679926523.277740 -7.922831 -18.826992 -1.684420 -0.007596 0.014873 0.352793 0.935552 291
1679926523.975734 -7.924128 -18.826838 -1.684394 -0.007599 0.014872 0.352407 0.935698 292
1679926524.875547 -7.884403 -18.664448 -1.689307 -0.004131 0.016182 0.550128 0.834913 293
1679926525.378475 -7.769295 -18.332968 -1.700141 -0.002940 0.016440 0.609070 0.792941 294
1679926526.673871 -7.240248 -17.380707 -1.735623 -0.005379 0.015811 0.482150 0.875930 295
1679926527.577573 -7.116340 -16.956373 -1.748937 -0.003557 0.016318 0.578423 0.815566 296
1679926528.776014 -7.129278 -16.890867 -1.750356 -0.003596 0.016309 0.577615 0.816138 297
1679926529.975687 -7.120134 -16.874269 -1.751028 -0.003625 0.016303 0.576508 0.816921 299
1679926530.675155 -6.895648 -16.614388 -1.762397 -0.004572 0.016063 0.526795 0.849828 300
1679926532.278308 -6.573442 -15.491927 -1.797286 0.001130 0.016663 0.782090 0.622942 301
1679926533.476660 -6.576324 -15.365315 -1.800350 0.000834 0.016680 0.770464 0.637265 302
1679926534.376463 -6.580849 -15.358802 -1.800410 0.000755 0.016684 0.767454 0.640887 303
1679926535.276190 -6.710346 -15.029428 -1.805645 0.002457 0.016519 0.829178 0.558736 304
1679926535.876078 -6.835935 -14.590724 -1.813659 0.005055 0.015918 0.907767 0.419143 305
1679926537.074466 -6.897599 -14.409487 -1.816769 0.005302 0.015837 0.914303 0.404687 306
1679926538.176080 -6.909410 -14.404980 -1.816564 0.005303 0.015837 0.914304 0.404683 307
1679926539.377117 -7.152766 -14.165989 -1.816990 0.005379 0.015811 0.916091 0.400623 308
1679926540.175948 -7.660126 -13.625930 -1.818723 0.004763 0.016008 0.899364 0.436881 309
1679926541.277704 -8.201513 -12.993856 -1.821856 0.002167 0.016560 0.818646 0.574055 310
1679926542.377660 -8.287730 -12.924173 -1.821721 0.002367 0.016532 0.825219 0.564566 311
1679926543.576077 -8.300892 -12.930590 -1.821277 0.002363 0.016533 0.825024 0.564851 312
1679926544.676201 -8.339144 -12.583701 -1.828874 -0.000754 0.016684 0.705249 0.708763 314
1679926545.473854 -8.391779 -12.324822 -1.833922 -0.002880 0.016451 0.608940 0.793040 315
1679926546.477154 -8.423451 -12.295578 -1.834030 -0.002080 0.016571 0.647121 0.762205 316
1679926548.575284 -8.119110 -11.692631 -1.855696 -0.004283 0.016143 0.538472 0.842478 317
1679926549.674294 -7.904133 -11.191066 -1.872881 -0.007119 0.015108 0.377023 0.926053 318
1679926550.377513 -7.919401 -11.185532 -1.872675 -0.006573 0.015353 0.410084 0.911895 319
1679926552.576621 -7.593571 -10.893475 -1.887206 -0.006881 0.015217 0.391528 0.920015 321
1679926553.976684 -6.685962 -9.969603 -1.930386 -0.007263 0.015039 0.367206 0.929990 322
1679926554.776988 -6.477787 -9.789163 -1.939539 -0.007261 0.015040 0.366794 0.930152 323
1679926555.476431 -6.483669 -9.762530 -1.940080 -0.007261 0.015040 0.366851 0.930130 324
1679926556.276640 -6.487341 -9.757842 -1.940121 -0.007277 0.015032 0.365694 0.930586 325
1679926556.776842 -6.481263 -9.743037 -1.940634 -0.007280 0.015031 0.365657 0.930600 326
1679926558.776931 -5.563654 -8.451430 -1.993578 -0.005506 0.015767 0.469808 0.882610 327
1679926559.876971 -5.353824 -8.172787 -2.004956 -0.005419 0.015797 0.474949 0.879855 328
1679926561.277232 -5.341016 -8.148479 -2.005780 -0.005368 0.015815 0.477482 0.878483 330
1679926562.377259 -5.062467 -7.584235 -2.026139 -0.005065 0.015914 0.494486 0.869025 331
1679926563.976552 -4.317637 -6.631519 -2.066641 -0.004727 0.016018 0.513465 0.857948 332
1679926566.775251 -4.211172 -6.385985 -2.075113 -0.004663 0.016037 0.516653 0.856032 333
1679926570.475366 -3.117394 -4.788528 -2.139040 -0.005377 0.015812 0.475557 0.879526 334
1679926571.376300 -3.126280 -4.778689 -2.139039 -0.005442 0.015790 0.472171 0.881349 335
1679926571.876594 -3.084924 -4.702453 -2.141850 -0.005434 0.015792 0.472202 0.881332 336
1679926572.577355 -2.771201 -4.183987 -2.161747 -0.005379 0.015811 0.476205 0.879176 337
1679926573.582200 -2.213756 -3.415746 -2.193440 -0.005447 0.015788 0.475006 0.879824 338
1679926574.781853 -2.001307 -3.062330 -2.206950 -0.005492 0.015772 0.473011 0.880898 339
1679926576.382371 -1.986733 -3.032272 -2.208079 -0.005491 0.015773 0.473149 0.880824 340
1679926577.981411 -1.472429 -2.313644 -2.237355 -0.005517 0.015764 0.471727 0.881587 341
1679926578.481837 -1.193287 -1.891816 -2.253992 -0.005454 0.015785 0.472845 0.880988 342
1679926579.282227 -0.851819 -1.369117 -2.274540 -0.005439 0.015790 0.472942 0.880935 343
1679926580.082373 -0.832380 -1.318730 -2.276325 -0.005488 0.015774 0.470788 0.882088 344
1679926580.882392 -0.844408 -1.314014 -2.276209 -0.005490 0.015773 0.470468 0.882259 345
1679926581.782216 -0.744066 -1.150880 -2.282408 -0.005443 0.015789 0.472521 0.881161 346
1679926583.381325 0.119298 0.073798 -2.332166 -0.005365 0.015816 0.472010 0.881435 347
1679926584.181712 0.268970 0.325701 -2.341745 -0.005419 0.015798 0.467683 0.883739 348
1679926585.382614 0.297344 0.388121 -2.343930 -0.005425 0.015795 0.467860 0.883645 349
1679926587.081366 0.396214 0.526815 -2.349556 -0.005330 0.015828 0.473953 0.880392 350
1679926588.282263 1.028976 1.495387 -2.387600 -0.005304 0.015836 0.480377 0.876903 351
1679926590.282166 1.378238 2.122797 -2.410910 -0.005483 0.015775 0.472140 0.881365 352
1679926591.681028 1.408142 2.187735 -2.413175 -0.005516 0.015764 0.470693 0.882139 353
1679926592.781145 1.947982 2.990581 -2.445084 -0.005549 0.015752 0.472159 0.881355 354
1679926593.382368 2.266484 3.445238 -2.463449 -0.005538 0.015756 0.473819 0.880464 355
1679926593.982164 2.448468 3.748887 -2.475051 -0.005571 0.015744 0.472122 0.881375 356
1679926595.181839 2.488029 3.848957 -2.478431 -0.005540 0.015755 0.473915 0.880412 357
1679926596.881824 2.526429 3.905254 -2.480679 -0.005518 0.015763 0.475279 0.879677 359
1679926597.481659 2.787631 4.247739 -2.494994 -0.005515 0.015764 0.475793 0.879399 360
1679926598.081554 3.115259 4.757121 -2.514905 -0.005519 0.015763 0.477288 0.878588 361
1679926599.281300 3.567171 5.535078 -2.544249 -0.005592 0.015737 0.473291 0.880748 362
1679926600.581810 3.563638 5.583288 -2.545421 -0.005602 0.015733 0.473361 0.880710 363
1679926601.782801 3.706867 5.709795 -2.551701 -0.006474 0.015395 0.422888 0.906028 364
1679926602.381301 4.110581 6.086068 -2.570076 -0.007047 0.015142 0.389120 0.921036 365
1679926602.982470 4.524251 6.500751 -2.589576 -0.007247 0.015047 0.377430 0.925887 366
1679926603.681981 4.918540 6.910136 -2.608496 -0.009050 0.014036 0.260305 0.965382 367
1679926604.883150 4.982832 7.004342 -2.612334 -0.009002 0.014067 0.263903 0.964405 368
1679926606.381396 5.044464 7.052819 -2.614987 -0.008959 0.014095 0.266785 0.963611 370
1679926607.580940 5.987614 7.631746 -2.651274 -0.008789 0.014201 0.279053 0.960131 371
1679926608.381171 6.530490 7.941381 -2.671247 -0.009046 0.014039 0.261507 0.965057 372
1679926608.881480 6.591361 8.000947 -2.674163 -0.009002 0.014067 0.265152 0.964062 373
1679926610.381057 6.637045 8.048662 -2.676413 -0.009023 0.014054 0.263879 0.964411 374
1679926611.882058 7.315572 8.420772 -2.701097 -0.009057 0.014032 0.262770 0.964714 375
1679926613.481268 8.391011 9.076359 -2.742343 -0.009048 0.014038 0.266903 0.963579 376
1679926614.581322 8.375365 9.113127 -2.743144 -0.009051 0.014036 0.266374 0.963725 377
1679926616.581326 9.054970 9.507142 -2.768751 -0.009101 0.014003 0.263230 0.964588 378
1679926617.581943 9.794371 10.001337 -2.798388 -0.009091 0.014010 0.262917 0.964674 379
1679926618.682074 10.048256 10.171349 -2.808442 -0.009047 0.014039 0.265517 0.963961 380
1679926619.381505 10.051601 10.183675 -2.808876 -0.009040 0.014043 0.265976 0.963835 381
1679926620.181783 10.066475 10.202962 -2.809650 -0.009076 0.014020 0.264131 0.964342 382
1679926620.781674 10.351671 10.388489 -2.820883 -0.009045 0.014039 0.264900 0.964131 383
1679926621.681333 11.050630 10.813344 -2.848442 -0.009007 0.014064 0.261541 0.965048 384
1679926622.181711 11.437258 11.036621 -2.862794 -0.008992 0.014073 0.260794 0.965250 385
1679926622.681956 11.647657 11.163241 -2.870749 -0.009027 0.014051 0.258598 0.965841 386
1679926623.581763 11.713296 11.227441 -2.874012 -0.009009 0.014063 0.258817 0.965782 387
1679926624.581136 11.724164 11.230877 -2.874349 -0.008987 0.014077 0.260278 0.965389 388
1679926625.682539 12.207954 11.580036 -2.894123 -0.008585 0.014326 0.285307 0.958291 389
1679926627.281787 13.286627 12.297908 -2.937740 -0.008353 0.014462 0.292345 0.956167 390
1679926628.781350 13.357098 12.369257 -2.941382 -0.008334 0.014473 0.292552 0.956104 391
1679926629.881637 13.430150 12.419044 -2.944361 -0.008276 0.014506 0.296127 0.955003 392
1679926630.582205 13.912606 12.725947 -2.962769 -0.008362 0.014457 0.289127 0.957145 393
1679926631.182090 14.341215 13.000368 -2.979355 -0.008862 0.014156 0.251358 0.967750 394
1679926631.881445 14.819299 13.283749 -2.997535 -0.008716 0.014246 0.257405 0.966159 395
1679926632.870873 15.062000 13.449922 -3.006853 -0.008046 0.014635 0.302373 0.953043 396
1679926634.170091 15.082759 13.485065 -3.008274 -0.008077 0.014618 0.301654 0.953271 397
1679926635.570171 15.406095 13.825389 -3.024014 -0.006709 0.015294 0.384989 0.922770 398
1679926637.069746 16.305468 14.816585 -3.068791 -0.005889 0.015628 0.429948 0.902699 399
1679926638.169957 16.416492 14.992044 -3.075627 -0.005806 0.015659 0.434330 0.900599 400
1679926638.870653 16.422745 15.002151 -3.075995 -0.005800 0.015662 0.435006 0.900273 401
1679926640.670394 16.544451 15.141638 -3.082227 -0.005830 0.015650 0.432777 0.901347 403
1679926641.770391 16.951530 15.657102 -3.104050 -0.005988 0.015590 0.423138 0.905911 404
1679926642.870658 17.290482 16.128101 -3.122183 -0.005271 0.015847 0.462768 0.886322 405
1679926643.970712 17.350300 16.147518 -3.123633 -0.005280 0.015844 0.463482 0.885949 406
1679926644.970093 17.356390 16.181204 -3.125480 -0.005277 0.015845 0.463317 0.886036 407
1679926646.070266 17.354654 16.189920 -3.125449 -0.005466 0.015781 0.452083 0.891820 408
1679926646.771010 17.507660 16.430580 -3.133178 -0.005387 0.015808 0.457039 0.889290 409
1679926647.569877 17.753088 16.811716 -3.148064 -0.005071 0.015912 0.474010 0.880361 410
1679926648.770979 18.190708 17.415981 -3.172320 -0.005382 0.015810 0.455899 0.889875 411
1679926650.070107 18.436003 17.837852 -3.188095 -0.005284 0.015843 0.460492 0.887507 412
1679926650.669956 18.445358 17.887129 -3.189590 -0.005288 0.015842 0.461136 0.887172 413
1679926651.770172 18.432062 17.910404 -3.189983 -0.005298 0.015838 0.460373 0.887568 414
1679926652.570434 18.428440 17.915215 -3.189649 -0.005318 0.015832 0.459351 0.888098 415
1679926653.470236 18.591715 18.252926 -3.201675 -0.003557 0.016318 0.552891 0.833086 416
1679926654.169542 18.937883 18.715403 -3.220921 -0.002390 0.016529 0.610738 0.791656 417
1679926654.973866 19.130911 18.888460 -3.229659 -0.000411 0.016696 0.700366 0.713588 418
1679926656.170859 19.143051 18.926727 -3.230883 -0.000840 0.016680 0.681580 0.731553 419
1679926657.970454 19.091772 18.939192 -3.229718 -0.001846 0.016599 0.636407 0.771173 421
1679926658.668468 19.026815 18.993368 -3.229702 0.001209 0.016657 0.765923 0.642715 422
1679926659.970363 18.929028 19.051756 -3.228960 0.008869 0.014151 0.977351 0.210963 423
1679926660.770643 18.961073 19.057308 -3.229987 0.012554 0.011014 0.996910 -0.076762 424
1679926661.272339 18.953373 19.087385 -3.230329 0.012683 0.010866 0.995931 -0.088556 425
1679926662.068776 18.955097 19.104815 -3.230897 0.012203 0.011402 0.998796 -0.046123 426
1679926663.769917 18.684168 19.008713 -3.222314 0.012922 0.010581 0.993776 -0.110135 428
1679926665.169954 17.436098 18.633486 -3.184286 0.013575 0.009729 0.985039 -0.171521 429
1679926665.872025 17.065786 18.524216 -3.173247 0.015110 0.007114 0.938429 -0.345067 430
1679926666.668281 17.026407 18.503529 -3.171809 0.014700 0.007927 0.955941 -0.293083 431
1679926668.071043 17.003042 18.482021 -3.170587 0.014691 0.007943 0.956146 -0.292415 433
1679926669.070515 16.471323 17.985895 -3.146482 0.015194 0.006933 0.934761 -0.354883 434
1679926669.769783 16.012236 17.482292 -3.123963 0.015550 0.006093 0.916670 -0.399295 435
1679926670.871242 15.619257 16.954473 -3.102349 0.015738 0.005588 0.904503 -0.426139 436
1679926671.570617 15.605309 16.955154 -3.102016 0.015733 0.005603 0.905067 -0.424942 437
1679926673.671443 15.180837 16.389502 -3.078729 0.015875 0.005187 0.894580 -0.446595 439
1679926674.470394 14.678065 15.793082 -3.052919 0.015891 0.005139 0.895422 -0.444905 440
1679926676.170480 14.289703 15.342858 -3.033258 0.015795 0.005427 0.905521 -0.423973 441
1679926678.770184 13.743384 14.495291 -3.000648 0.015935 0.005000 0.896644 -0.442436 443
1679926680.170598 13.060051 13.796644 -2.968179 0.015404 0.006454 0.936293 -0.350822 444
1679926681.669877 13.018494 13.727270 -2.965301 0.015435 0.006379 0.935191 -0.353750 445
1679926682.770135 12.671152 13.571471 -2.952991 0.013791 0.009419 0.988284 -0.151707 446
1679926683.567657 12.465722 13.476089 -2.945693 0.012138 0.011472 0.999835 0.007081 447
1679926684.272459 12.463670 13.441746 -2.945122 0.012733 0.010807 0.998704 -0.048072 448
1679926685.371225 12.415798 13.414275 -2.943195 0.012776 0.010756 0.998568 -0.050821 449
1679926686.572372 12.320756 13.412636 -2.940646 0.012177 0.011430 0.999858 0.002354 451
1679926687.170776 11.923369 13.466958 -2.932152 0.009728 0.013576 0.980356 0.196530 452
1679926688.272309 11.824834 13.499142 -2.930324 0.009173 0.013957 0.971233 0.237544 453
1679926688.871005 11.745700 13.477977 -2.927877 0.009244 0.013909 0.972517 0.232232 454
1679926689.470616 11.742844 13.469362 -2.927485 0.009244 0.013910 0.972384 0.232790 455
1679926690.670338 11.725351 13.459978 -2.926900 0.009393 0.013809 0.974872 0.222139 456
1679926691.270279 11.667973 13.487068 -2.926183 0.009331 0.013851 0.973784 0.226863 457
1679926691.870111 11.272049 13.692805 -2.921265 0.009081 0.014017 0.969301 0.245309 458
1679926693.075419 10.306272 14.289220 -2.911004 0.008971 0.014087 0.966149 0.257445 459
1679926693.673973 10.064730 14.406456 -2.907793 0.008763 0.014217 0.961786 0.273293 460
1679926694.174512 10.009044 14.421672 -2.906789 0.008812 0.014187 0.962561 0.270552 461
1679926694.674777 9.987943 14.429130 -2.904831 0.008191 0.012226 0.962665 0.270296 462
1679926695.874361 9.982046 14.432182 -2.906301 0.008808 0.014189 0.962609 0.270380 463
1679926696.474174 9.921289 14.442020 -2.905077 0.009143 0.013976 0.968709 0.247635 464
1679926697.174955 9.477493 14.581623 -2.897331 0.011686 0.011932 0.998417 0.053710 465
1679926698.273919 9.260343 14.659943 -2.894189 0.012057 0.010242 0.999645 -0.021430 466
1679926698.875030 9.228920 14.661751 -2.893202 0.012497 0.011079 0.999740 -0.015499 467
1679926699.474859 9.280310 14.551440 -2.893283 0.011569 0.010790 0.998370 -0.054839 468
1679926700.574987 9.270126 14.532185 -2.892856 0.011643 0.010710 0.998131 -0.059032 469
1679926701.173559 9.009808 14.390646 -2.884247 0.012893 0.009166 0.979883 -0.198945 470
1679926702.375790 8.676976 14.250827 -2.874072 0.014229 0.006913 0.929601 -0.368228 471
1679926703.476197 8.631598 14.223213 -2.872544 0.014157 0.007059 0.932323 -0.361281 472
1679926704.674335 8.631095 14.198882 -2.871988 0.014155 0.007063 0.930792 -0.365208 473
1679926705.375144 8.505032 13.828329 -2.860883 0.014754 0.005707 0.880404 -0.473960 474
1679926705.974932 8.299462 13.446401 -2.848140 -0.015552 -0.002896 -0.762928 0.646290 475
1679926707.173325 8.248871 13.297220 -2.843873 -0.015408 -0.003587 -0.781915 0.623184 476
1679926707.674954 8.311751 13.218597 -2.843637 -0.015261 -0.004167 -0.758758 0.651180 477
1679926708.274775 8.249171 13.285441 -2.843623 -0.015405 -0.003599 -0.782145 0.622895 478
1679926708.874674 8.244399 13.265830 -2.843170 -0.015412 -0.003568 -0.784150 0.620370 479
1679926710.075732 8.062436 12.351110 -2.817991 -0.015595 -0.002654 -0.757331 0.652840 480
1679926711.174641 7.856574 11.426953 -2.792534 -0.015658 -0.002258 -0.751694 0.659322 481
1679926712.374326 7.852331 11.273210 -2.789186 -0.015667 -0.002190 -0.752484 0.658420 482
1679926714.475048 7.652928 10.578210 -2.769718 -0.015635 -0.002411 -0.770600 0.637123 484
1679926714.975360 7.529837 10.111046 -2.756951 -0.015594 -0.002662 -0.783051 0.621757 485
1679926715.475806 7.424864 9.660032 -2.744405 -0.015460 -0.003353 -0.811281 0.584443 486
1679926716.675397 7.344018 9.290190 -2.734282 0.014900 0.005315 0.880195 -0.474348 487
1679926717.175821 7.360851 9.282011 -2.734340 0.014917 0.005268 0.878589 -0.477317 488
1679926717.875134 7.360032 9.274656 -2.734233 0.014920 0.005259 0.878555 -0.477380 489
1679926719.074824 7.020600 8.716404 -2.714082 0.014880 0.005371 0.882816 -0.469453 490
1679926719.775537 6.618366 8.175172 -2.693010 0.014799 0.005591 0.891824 -0.452107 491
1679926720.475030 6.280925 7.754176 -2.676035 0.014515 0.006290 0.912087 -0.409691 492
1679926721.174264 6.222153 7.638495 -2.672099 0.014505 0.006313 0.913166 -0.407281 493
1679926721.775481 6.210320 7.609130 -2.671179 0.014512 0.006297 0.912638 -0.408462 494
1679926723.174287 6.209019 7.602746 -2.670910 0.014523 0.006273 0.912265 -0.409294 496
1679926724.474795 5.690131 7.153105 -2.649379 0.014287 0.006794 0.926589 -0.375743 497
1679926725.874883 4.827177 6.282120 -2.610590 0.014296 0.006774 0.927158 -0.374336 498
1679926726.574350 4.730975 6.193457 -2.606419 0.014282 0.006803 0.927756 -0.372851 499
1679926727.974484 4.731138 6.166369 -2.605810 0.014279 0.006810 0.928086 -0.372029 500
1679926728.675053 4.546273 5.977718 -2.597455 0.014270 0.006829 0.928713 -0.370461 501
1679926729.974287 3.624795 5.152347 -2.558461 0.014267 0.006835 0.929660 -0.368078 502
1679926731.375675 3.280112 4.786441 -2.542533 0.014272 0.006824 0.929463 -0.368576 503
1679926731.974293 3.271936 4.780427 -2.542142 0.014274 0.006820 0.929296 -0.368998 504
1679926732.675044 3.263406 4.772407 -2.541759 0.014295 0.006775 0.928154 -0.371859 505
1679926733.374316 3.010977 4.486255 -2.529733 0.014387 0.006577 0.923016 -0.384436 506
1679926734.075014 2.508321 4.014164 -2.507940 0.014372 0.006611 0.924262 -0.381432 507
1679926734.773098 2.030048 3.567422 -2.487433 0.014603 0.006083 0.909811 -0.414721 508
1679926736.073690 1.822740 3.356845 -2.477972 0.014988 0.005063 0.879133 -0.476313 509
1679926737.375477 1.819013 3.348906 -2.477706 0.014996 0.005037 0.878467 -0.477541 510
1679926738.374937 1.504757 2.838466 -2.459124 0.015043 0.004894 0.873795 -0.486038 511
1679926739.175118 1.068360 2.190753 -2.434694 0.015054 0.004862 0.872851 -0.487730 512
1679926742.074716 0.729536 1.592600 -2.413527 0.015025 0.004949 0.875883 -0.482264 513
1679926742.875023 0.672058 1.493198 -2.409920 0.015056 0.004855 0.872672 -0.488051 514
1679926743.375380 0.453050 1.119631 -2.396525 0.015088 0.004756 0.869551 -0.493590 515
1679926744.774078 -0.049029 0.250978 -2.365749 0.015046 0.004846 0.873888 -0.485870 516
1679926745.274413 -0.060996 0.234322 -2.364890 0.015037 0.004914 0.874279 -0.485166 517
1679926746.174263 -0.060193 0.218532 -2.364661 0.014905 0.004749 0.874378 -0.484992 518
1679926746.775370 -0.060392 0.218742 -2.364570 0.015041 0.004902 0.874378 -0.484987 519
1679926748.074679 -0.060973 0.217098 -2.363711 0.014936 0.005113 0.880518 -0.473750 520
1679926749.075283 -0.058101 0.213642 -2.364628 0.014795 0.005083 0.884928 -0.465466 521
1679926750.475449 -0.061625 0.215191 -2.364606 0.014842 0.004945 0.880595 -0.473611 522
1679926752.074655 -0.061433 0.214778 -2.364587 0.014840 0.004948 0.880611 -0.473582 523
1679926752.574909 -0.061388 0.215449 -2.364592 0.014839 0.004954 0.880506 -0.473776 524
1679926753.378511 -0.061338 0.214837 -2.364599 0.014840 0.004949 0.880604 -0.473595 525
1679926753.978349 -0.061105 0.214947 -2.364669 0.014979 0.005051 0.880539 -0.473709 526
1679926755.277613 -0.061267 0.214879 -2.363663 0.014936 0.005114 0.880538 -0.473713 527
1679926756.978901 -0.061370 0.214950 -2.364554 0.014843 0.004941 0.880526 -0.473740 528
1679926757.878716 -0.061349 0.214580 -2.364557 0.014837 0.004916 0.880603 -0.473598 529
1679926759.177960 -0.061147 0.214979 -2.363668 0.014937 0.005111 0.880467 -0.473844 530
1679926760.778498 -0.061390 0.214859 -2.364469 0.014977 0.005094 0.880509 -0.473765 531
1679926761.978190 -0.061401 0.214538 -2.364560 0.014838 0.004914 0.880559 -0.473678 532
1679926762.677678 -0.061271 0.214589 -2.364580 0.014842 0.004945 0.880546 -0.473703 533
1679926763.878584 -0.061205 0.214439 -2.364597 0.014840 0.004948 0.880592 -0.473616 534
1679926764.478402 -0.061344 0.214912 -2.364404 0.014976 0.005097 0.880539 -0.473710 535
1679926765.578683 -0.060989 0.214903 -2.364595 0.014840 0.004948 0.880566 -0.473665 536
1679926766.178462 -0.061360 0.214590 -2.364653 0.014977 0.005057 0.880624 -0.473552 537
1679926766.678802 -0.071247 0.200570 -2.364028 0.014913 0.004725 0.873422 -0.486713 538
1679926767.878502 -0.033882 0.246525 -2.365898 0.014882 0.004823 0.876657 -0.480862 539
1679926769.578637 -0.031602 0.252773 -2.366125 0.014853 0.004909 0.879417 -0.475794 540
1679926770.778201 -0.032111 0.252537 -2.365902 0.014988 0.005063 0.879360 -0.475894 542
1679926771.278625 -0.031411 0.253166 -2.365966 0.014988 0.005062 0.879408 -0.475805 543
1679926772.478333 -0.030662 0.252932 -2.366223 0.014991 0.005016 0.879392 -0.475836 545
1679926773.578541 -0.031644 0.253744 -2.365975 0.014989 0.005060 0.879369 -0.475878 546
1679926774.678588 -0.031502 0.253320 -2.365977 0.014987 0.005064 0.879387 -0.475845 547
1679926775.778754 -0.029982 0.262031 -2.366200 0.014981 0.005084 0.880030 -0.474654 548
1679926776.378603 -0.030513 0.262169 -2.366205 0.014982 0.005080 0.879978 -0.474750 549
