timestamp x y z qx qy qz qw id
1680009045.161726 -29.414551 -10.247416 -6.131082 0.017620 -0.006295 0.996771 0.078084 1
1680009046.261889 -29.414585 -10.247600 -6.130858 0.017601 -0.006330 0.996769 0.078111 2
1680009047.461637 -29.415550 -10.247493 -6.131356 0.017655 -0.006297 0.996757 0.078259 3
1680009048.462219 -29.417120 -10.247455 -6.131189 0.017658 -0.006286 0.996763 0.078175 4
1680009049.562431 -29.414158 -10.247682 -6.131367 0.017627 -0.006278 0.996772 0.078078 5
1680009050.861658 -29.415287 -10.247369 -6.131206 0.017632 -0.006263 0.996771 0.078082 6
1680009050.861658 -29.415028 -10.247561 -6.131537 0.017641 -0.006366 0.996766 0.078142 7
1680009051.961836 -29.415857 -10.247709 -6.131017 0.017618 -0.006303 0.996762 0.078203 8
1680009053.161525 -29.416162 -10.247624 -6.131114 0.017624 -0.006285 0.996757 0.078267 9
1680009054.261708 -29.415710 -10.247574 -6.130939 0.017623 -0.006288 0.996767 0.078141 10
1680009055.361845 -29.415344 -10.247685 -6.131083 0.017618 -0.006302 0.996767 0.078144 11
1680009056.461983 -29.414595 -10.247907 -6.131078 0.017621 -0.006294 0.996772 0.078068 12
1680009057.562187 -29.415628 -10.247355 -6.131728 0.017564 -0.006463 0.996769 0.078116 13
1680009058.662393 -29.415411 -10.247659 -6.131411 0.017641 -0.006364 0.996769 0.078100 14
1680009059.862051 -29.414234 -10.247802 -6.131975 0.017617 -0.006489 0.996768 0.078110 15
1680009060.962274 -29.415171 -10.247293 -6.131025 0.017623 -0.006287 0.996771 0.078089 16
1680009062.161969 -29.415606 -10.247315 -6.131947 0.017615 -0.006495 0.996762 0.078185 17
1680009063.262149 -29.415232 -10.247288 -6.131054 0.017620 -0.006296 0.996769 0.078116 18
1680009064.362268 -29.414442 -10.247834 -6.131478 0.017644 -0.006357 0.996777 0.077997 19
1680009065.461132 -29.415310 -10.247816 -6.131154 0.017617 -0.006304 0.996782 0.077951 20
1680009066.561311 -29.414804 -10.247590 -6.131722 0.017564 -0.006462 0.996771 0.078092 21
1680009067.661446 -29.416414 -10.247147 -6.131317 0.017655 -0.006296 0.996755 0.078277 22
1680009068.662154 -29.414330 -10.247348 -6.131955 0.017538 -0.006472 0.996767 0.078145 23
1680009069.762269 -29.415806 -10.247524 -6.131322 0.017655 -0.006297 0.996766 0.078138 24
1680009070.961986 -29.413950 -10.247629 -6.131068 0.017617 -0.006304 0.996773 0.078065 25
1680009072.262578 -29.413912 -10.247895 -6.131925 0.017543 -0.006459 0.996782 0.077944 26
1680009073.462301 -29.414799 -10.247283 -6.131931 0.017619 -0.006484 0.996770 0.078078 27
1680009074.662624 -29.415638 -10.247007 -6.131673 0.017566 -0.006458 0.996754 0.078299 28
1680009075.762826 -29.413956 -10.247596 -6.131947 0.017617 -0.006489 0.996775 0.078018 29
1680009076.862945 -29.412760 -10.248249 -6.132046 0.017623 -0.006473 0.996784 0.077902 30
1680009077.961798 -29.414385 -10.247650 -6.131976 0.017619 -0.006484 0.996774 0.078035 31
1680009078.962413 -29.413208 -10.247890 -6.131213 0.017622 -0.006291 0.996777 0.078011 32
1680009080.062596 -29.413111 -10.248123 -6.131241 0.017623 -0.006288 0.996786 0.077892 33
1680009081.262278 -29.413517 -10.248034 -6.131749 0.017564 -0.006461 0.996780 0.077971 34
1680009082.362479 -29.414322 -10.247565 -6.131192 0.017626 -0.006279 0.996772 0.078078 35
1680009083.562207 -29.413189 -10.247746 -6.131995 0.017624 -0.006471 0.996776 0.078009 36
1680009084.862732 -29.414705 -10.247649 -6.131034 0.017621 -0.006294 0.996767 0.078139 37
1680009085.962873 -29.415041 -10.247271 -6.131863 0.017540 -0.006466 0.996781 0.077969 38
1680009087.063068 -29.413977 -10.247735 -6.131179 0.017628 -0.006274 0.996770 0.078098 39
1680009088.161969 -29.416265 -10.247188 -6.131308 0.017621 -0.006293 0.996766 0.078152 40
1680009089.262105 -29.417141 -10.247437 -6.131872 0.017621 -0.006480 0.996767 0.078122 41
1680009090.262729 -29.416622 -10.247277 -6.131673 0.017566 -0.006456 0.996759 0.078234 42
1680009091.362896 -29.413746 -10.247540 -6.131975 0.017539 -0.006470 0.996777 0.078012 43
1680009092.463073 -29.414377 -10.247538 -6.131735 0.017564 -0.006461 0.996773 0.078063 44
1680009093.762316 -29.415979 -10.247237 -6.131472 0.017641 -0.006366 0.996769 0.078098 45
1680009094.762958 -29.416901 -10.246629 -6.131273 0.017656 -0.006294 0.996754 0.078298 46
1680009095.962642 -29.415051 -10.247564 -6.131018 0.017621 -0.006294 0.996758 0.078249 47
1680009097.062795 -29.414783 -10.247517 -6.131159 0.017620 -0.006296 0.996770 0.078099 48
1680009098.262522 -29.415049 -10.247474 -6.131015 0.017619 -0.006299 0.996771 0.078091 49
1680009099.362702 -29.413452 -10.247587 -6.131227 0.017623 -0.006288 0.996785 0.077906 50
1680009100.462907 -29.512466 -10.217743 -6.127058 0.017618 -0.006302 0.996942 0.075879 51
1680009101.563065 -29.275923 -10.066706 -6.133024 0.017557 -0.006469 0.997665 0.065685 52
1680009102.661974 -29.287651 -10.033221 -6.131658 0.017549 -0.006491 0.997733 0.064645 53
1680009103.662529 -29.331434 -10.040317 -6.130569 0.017456 -0.006737 0.998493 0.051597 54
1680009104.663152 -30.041485 -10.191739 -6.108089 0.016252 -0.009273 0.994847 -0.099650 55
1680009105.763353 -30.891146 -10.392542 -6.082029 0.014867 -0.011362 0.972615 -0.231669 56
1680009106.963097 -30.945831 -10.427526 -6.080515 0.015144 -0.010989 0.978008 -0.207726 57
1680009108.061894 -30.946760 -10.431620 -6.080608 0.015218 -0.010887 0.979306 -0.201517 58
1680009109.062565 -31.314560 -10.648013 -6.071324 0.014940 -0.011265 0.974012 -0.225722 59
1680009110.162743 -32.268703 -11.119324 -6.045864 0.014834 -0.011404 0.971921 -0.234561 60
1680009111.262966 -32.698708 -11.360994 -6.034856 0.014899 -0.011319 0.973289 -0.228819 61
1680009112.462564 -32.734684 -11.375590 -6.033926 0.014896 -0.011323 0.973250 -0.228984 62
1680009113.562813 -33.003258 -11.453255 -6.025647 0.015476 -0.010517 0.983899 -0.177742 63
1680009114.662955 -33.995621 -11.770658 -5.996540 0.015965 -0.009759 0.991361 -0.129818 64
1680009115.859955 -34.633434 -11.982662 -5.977841 0.017183 -0.007406 0.999752 0.012076 65
1680009116.861938 -34.635143 -12.005196 -5.978410 0.016927 -0.007974 0.999626 -0.019947 66
1680009119.062253 -35.328716 -11.974488 -5.954256 0.017223 -0.007313 0.999643 0.019067 68
1680009120.062921 -36.283226 -11.942641 -5.921175 0.017266 -0.007210 0.999506 0.025265 69
1680009121.163150 -36.679085 -11.904098 -5.907084 0.017268 -0.007205 0.999488 0.025937 70
1680009122.261937 -36.693127 -11.916822 -5.906729 0.017271 -0.007198 0.999502 0.025423 71
1680009123.362100 -36.927444 -11.896383 -5.898525 0.017300 -0.007129 0.999365 0.030338 72
1680009124.462255 -37.974022 -11.849391 -5.862078 0.017318 -0.007084 0.999276 0.033123 73
1680009125.562454 -38.671326 -11.841125 -5.838108 0.017249 -0.007250 0.999547 0.023573 74
1680009126.563123 -38.760292 -11.817993 -5.834790 0.017254 -0.007238 0.999527 0.024407 75
1680009128.662552 -38.961578 -11.811526 -5.827783 0.017268 -0.007206 0.999485 0.026070 77
1680009129.762726 -39.997379 -11.754527 -5.791550 0.017288 -0.007157 0.999402 0.029086 78
1680009131.062023 -40.758518 -11.714170 -5.764940 0.017251 -0.007246 0.999532 0.024208 79
1680009132.263028 -40.817390 -11.724515 -5.763102 0.017261 -0.007223 0.999505 0.025291 80
1680009133.363181 -41.040684 -11.695508 -5.754996 0.017387 -0.006914 0.998913 0.042690 81
1680009134.562856 -42.177338 -11.586864 -5.714531 0.017381 -0.006929 0.998944 0.041971 82
1680009135.860458 -42.790283 -11.555048 -5.693100 0.017452 -0.006747 0.998433 0.052748 83
1680009137.161017 -42.819199 -11.573807 -5.692449 0.017444 -0.006768 0.998503 0.051395 84
1680009138.261228 -43.009537 -11.568651 -5.685800 0.017432 -0.006799 0.998619 0.049085 85
1680009139.460914 -44.146660 -11.458710 -5.645293 0.017441 -0.006776 0.998548 0.050519 86
1680009140.561023 -44.758648 -11.403960 -5.623572 0.017458 -0.006733 0.998430 0.052795 87
1680009141.661244 -44.816841 -11.391687 -5.621423 0.017463 -0.006719 0.998336 0.054541 88
1680009142.860936 -45.069897 -11.357203 -5.612170 0.017469 -0.006703 0.998344 0.054401 89
1680009143.961115 -46.113567 -11.219503 -5.574425 0.017469 -0.006703 0.998342 0.054430 90
1680009145.061253 -46.885201 -11.149776 -5.547031 0.017473 -0.006694 0.998289 0.055399 91
1680009146.161541 -46.918491 -11.176481 -5.546286 0.017477 -0.006683 0.998282 0.055517 92
1680009147.361130 -47.041496 -11.158056 -5.541763 0.017505 -0.006608 0.998038 0.059755 93
1680009148.660351 -48.239632 -10.957659 -5.497786 0.017539 -0.006519 0.997719 0.064857 94
1680009149.661036 -48.880028 -10.907829 -5.475207 0.017478 -0.006679 0.998268 0.055767 95
1680009150.761239 -48.927307 -10.929356 -5.473834 0.017488 -0.006655 0.998193 0.057104 96
1680009151.860020 -48.984940 -10.921818 -5.471777 0.017494 -0.006637 0.998133 0.058143 97
1680009152.960242 -49.906170 -10.797720 -5.438437 0.017545 -0.006501 0.997650 0.065916 98
1680009153.960826 -50.740211 -10.716629 -5.408716 0.017487 -0.006656 0.998192 0.057122 99
1680009155.061041 -50.942844 -10.688816 -5.401326 0.017474 -0.006691 0.998321 0.054821 100
1680009157.261332 -51.576145 -10.570015 -5.377989 0.017703 -0.006060 0.995654 0.091236 102
1680009158.361509 -52.612926 -10.412128 -5.349866 0.015587 0.004373 0.991538 0.128803 103
1680009159.559906 -52.980019 -10.406816 -5.354035 0.023764 -0.011960 0.952506 0.303355 104
1680009160.560566 -52.999210 -10.418767 -5.337378 0.014683 0.006817 0.958214 0.285595 105
1680009161.660684 -53.016598 -10.383112 -5.337069 0.014715 0.006747 0.959404 0.281570 106
1680009162.760957 -53.530872 -9.719411 -5.323684 0.013777 0.008501 0.917320 0.397823 107
1680009163.761623 -54.138630 -9.082412 -5.307161 0.013603 0.008777 0.909131 0.416196 108
1680009164.860339 -54.337112 -8.930552 -5.301544 0.013521 0.008903 0.905138 0.424808 110
1680009165.960556 -54.354984 -8.943236 -5.300866 0.013517 0.008909 0.905065 0.424966 111
1680009166.961192 -54.586178 -8.690182 -5.294609 0.013557 0.008848 0.906971 0.420881 112
1680009168.061314 -55.252026 -7.856569 -5.277138 0.013518 0.008907 0.905126 0.424836 113
1680009169.360547 -55.660839 -7.405126 -5.266227 0.013488 0.008952 0.903622 0.428026 114
1680009170.361186 -55.680340 -7.381227 -5.265600 0.013479 0.008966 0.903297 0.428711 115
1680009171.461374 -55.790882 -7.227965 -5.262649 0.013438 0.009028 0.901241 0.433015 116
1680009172.560203 -56.420082 -6.400144 -5.246323 0.013428 0.009042 0.900807 0.433917 117
1680009173.661744 -56.911682 -5.789258 -5.233433 0.013488 0.008953 0.903616 0.428038 118
1680009174.861437 -56.961636 -5.785220 -5.231811 0.013478 0.008968 0.903204 0.428905 119
1680009175.961581 -57.013313 -5.717182 -5.230451 0.013429 0.009041 0.900871 0.433785 120
1680009177.260838 -57.710945 -4.767768 -5.212498 0.013368 0.009131 0.897939 0.439822 121
1680009178.360945 -58.156166 -4.205200 -5.200796 0.013494 0.008944 0.903946 0.427340 122
1680009179.560654 -58.190605 -4.214348 -5.199759 0.013485 0.008957 0.903687 0.427888 123
1680009180.660847 -58.269314 -4.141012 -5.197513 0.013539 0.008875 0.906175 0.422593 124
1680009181.861334 -58.950722 -3.281506 -5.179667 0.013650 0.008703 0.911458 0.411075 125
1680009182.960771 -59.411083 -2.647098 -5.167826 0.013463 0.008990 0.902545 0.430292 126
1680009183.961404 -59.444775 -2.618980 -5.166818 0.013490 0.008950 0.903718 0.427822 127
1680009185.061611 -59.427727 -2.594748 -5.167438 0.013477 0.008969 0.903186 0.428944 128
1680009186.160375 -59.417850 -2.574738 -5.167846 0.013496 0.008940 0.903998 0.427231 129
1680009188.261220 -59.455338 -2.616179 -5.166588 0.013479 0.008966 0.903517 0.428247 131
1680009189.560423 -59.404984 -2.573974 -5.168478 0.013484 0.008958 0.903495 0.428293 132
1680009190.561092 -59.433315 -2.601677 -5.167383 0.013484 0.008958 0.903644 0.427978 133
1680009191.760838 -59.463192 -2.640694 -5.166216 0.013476 0.008971 0.903209 0.428895 134
1680009192.761407 -59.497440 -2.651577 -5.165128 0.013481 0.008962 0.903455 0.428378 135
1680009193.861596 -59.518108 -2.643275 -5.164338 0.013485 0.008957 0.903499 0.428285 136
1680009195.062841 -59.725636 -2.404902 -5.158903 0.013571 0.008827 0.907636 0.419445 137
1680009196.163038 -60.354538 -1.582802 -5.142563 0.013601 0.008780 0.909077 0.416313 138
1680009197.561759 -60.739262 -1.040590 -5.132816 0.013511 0.008918 0.904698 0.425746 139
1680009198.661963 -60.732784 -1.029318 -5.132932 0.013504 0.008928 0.904543 0.426075 140
1680009200.762759 -60.703865 -0.996991 -5.134001 0.013507 0.008923 0.904612 0.425929 142
1680009201.962472 -60.680634 -0.978168 -5.134998 0.013510 0.008919 0.904837 0.425450 143
1680009202.963049 -60.727764 -1.027919 -5.133184 0.013499 0.008936 0.904388 0.426404 144
1680009204.061979 -60.755131 -1.038656 -5.132252 0.013509 0.008921 0.904541 0.426079 145
1680009205.162108 -60.762756 -1.058166 -5.131969 0.013502 0.008931 0.904124 0.426963 146
1680009206.262254 -60.837700 -1.094780 -5.129353 0.013517 0.008908 0.905019 0.425062 147
1680009207.461949 -60.853386 -1.098524 -5.128989 0.013503 0.008930 0.904387 0.426407 148
1680009208.462615 -60.904552 -1.036274 -5.127566 0.013600 0.008782 0.908941 0.416611 149
1680009209.562762 -61.512234 -0.275022 -5.111619 0.013606 0.008771 0.909273 0.415884 150
1680009210.762485 -62.060909 0.458151 -5.097430 0.013491 0.008949 0.903505 0.428271 151
1680009211.862592 -62.060818 0.590579 -5.098015 0.013519 0.008905 0.905040 0.425018 152
1680009213.062364 -61.996883 0.594623 -5.099955 0.013501 0.008933 0.904359 0.426465 153
1680009214.262030 -62.013458 0.588184 -5.099590 0.013507 0.008924 0.904610 0.425932 154
1680009215.362220 -61.999729 0.590491 -5.100062 0.013502 0.008931 0.904440 0.426295 155
1680009216.462372 -62.076290 0.526273 -5.097331 0.013504 0.008928 0.904596 0.425963 156
1680009217.562572 -62.098476 0.512805 -5.096444 0.013503 0.008930 0.904374 0.426434 157
1680009218.762224 -62.151207 0.461807 -5.094522 0.013484 0.008959 0.903545 0.428188 158
1680009219.762903 -62.182842 0.478229 -5.093491 0.013508 0.008922 0.904512 0.426140 159
1680009220.863100 -62.184502 0.498056 -5.093671 0.013651 0.008702 0.911385 0.411236 160
1680009222.062702 -62.746017 1.123730 -5.078316 0.013604 0.008774 0.909055 0.416362 161
1680009223.162919 -63.358891 1.871286 -5.062130 0.013540 0.008874 0.905984 0.423001 162
1680009224.462185 -63.536201 2.014294 -5.057104 0.013505 0.008926 0.904355 0.426474 163
1680009226.662476 -63.665722 2.296620 -5.054279 0.013056 0.009571 0.882588 0.469868 165
1680009227.963061 -64.273010 3.334976 -5.039619 0.012796 0.009917 0.869711 0.493295 166
1680009229.162787 -64.584808 3.713260 -5.031410 0.012449 0.010348 0.852173 0.523009 167
1680009230.362460 -64.582840 3.712234 -5.031316 0.012445 0.010354 0.852114 0.523105 168
1680009231.661690 -64.681808 3.796030 -5.028715 0.012899 0.009782 0.875007 0.483840 169
1680009232.662407 -65.223640 4.496237 -5.014599 0.013600 0.008782 0.909008 0.416464 170
1680009233.863381 -65.829910 5.196782 -4.998420 0.014337 0.007517 0.942943 0.332561 171
1680009235.061740 -65.909683 5.240302 -4.996284 0.014227 0.007725 0.938017 0.346210 172
1680009237.063003 -66.024895 5.359694 -4.992678 0.014201 0.007772 0.936858 0.349335 174
1680009238.262706 -66.837631 6.144994 -4.970277 0.014187 0.007797 0.936244 0.350977 175
1680009239.362924 -67.411789 6.595371 -4.953960 0.014239 0.007702 0.938744 0.344234 176
1680009240.463018 -67.446503 6.565054 -4.952750 0.014245 0.007691 0.939044 0.343416 177
1680009241.662779 -67.476364 6.628936 -4.952002 0.014209 0.007758 0.936626 0.349957 178
1680009242.762973 -68.107216 7.323336 -4.934966 0.013902 0.008295 0.922574 0.385482 179
1680009243.861805 -68.759102 7.953620 -4.917156 0.013687 0.008645 0.912569 0.408603 180
1680009244.963329 -68.823769 7.991877 -4.914913 0.013680 0.008657 0.912079 0.409696 181
1680009247.062733 -69.245552 8.525599 -4.903883 0.013685 0.008649 0.912236 0.409345 183
1680009248.361993 -70.029366 9.364795 -4.882597 0.013657 0.008692 0.910949 0.412200 184
1680009249.462131 -70.162888 9.486115 -4.879072 0.013648 0.008707 0.910501 0.413190 185
1680009250.562318 -70.165543 9.488632 -4.878666 0.013645 0.008710 0.910394 0.413426 186
1680009251.562955 -70.436882 9.740044 -4.871088 0.013717 0.008597 0.913701 0.406065 187
1680009252.661832 -71.127609 10.539341 -4.852597 0.013717 0.008597 0.913689 0.406092 188
1680009253.662474 -71.500908 10.996129 -4.842794 0.013638 0.008722 0.910041 0.414202 189
1680009254.663045 -71.521599 10.987738 -4.842001 0.013633 0.008731 0.909792 0.414748 190
1680009255.663259 -71.516113 11.010548 -4.842215 0.013827 0.008419 0.918683 0.394663 191
1680009256.663790 -72.038406 11.585893 -4.828233 0.013766 0.008519 0.915703 0.401528 192
1680009257.763965 -72.705132 12.317440 -4.810184 0.013687 0.008645 0.912003 0.409863 193
1680009258.862845 -72.877960 12.448977 -4.805186 0.013649 0.008705 0.910268 0.413702 194
1680009259.962981 -72.897675 12.449571 -4.804672 0.013648 0.008707 0.910037 0.414211 195
1680009261.162740 -73.092957 12.625290 -4.799015 0.013929 0.008249 0.923339 0.383643 196
1680009262.362424 -73.873634 13.387394 -4.768767 0.009984 -0.006949 0.957820 0.287110 197
1680009263.465254 -74.148674 13.610296 -4.773020 0.023186 0.008294 0.992814 0.117106 198
1680009264.763185 -74.184837 13.611758 -4.771380 0.023043 0.008682 0.990718 0.133687 199
1680009265.962881 -74.424911 13.637650 -4.767480 0.020719 -0.025559 0.999157 0.024551 200
1680009267.064379 -74.806305 13.653427 -4.741975 0.024586 0.001386 0.985486 -0.167960 201
1680009268.163159 -74.845741 13.655921 -4.739864 0.024525 0.002210 0.990506 -0.135244 202
1680009269.163782 -74.849220 13.658362 -4.739962 0.024488 0.002593 0.992499 -0.119749 203
1680009270.262665 -75.175171 13.535417 -4.722224 0.030644 -0.033802 0.961124 -0.272323 204
1680009271.264608 -75.412544 13.401793 -4.715705 0.012693 -0.013352 0.899379 -0.436782 205
1680009272.463040 -75.501907 13.421291 -4.712563 0.013159 -0.012893 0.914569 -0.404009 206
1680009273.563212 -75.508522 13.384817 -4.712544 0.013134 -0.012918 0.913485 -0.406455 207
1680009274.563842 -75.652145 13.208535 -4.709472 -0.010747 0.014963 -0.830861 0.556176 208
1680009275.662678 -75.754593 13.107228 -4.707828 -0.011245 0.014592 -0.849175 0.527790 209
1680009277.762203 -75.728363 13.086298 -4.708821 -0.009968 0.015493 -0.801348 0.597914 211
1680009278.764083 -75.372498 12.787247 -4.705491 -0.019901 0.025571 -0.543481 0.838796 212
1680009279.862939 -75.036392 11.880270 -4.687710 -0.005622 -0.035347 -0.659943 0.750463 213
1680009280.963151 -75.239098 11.168053 -4.674978 -0.015401 0.009824 0.905918 -0.423058 214
1680009282.061929 -75.818039 10.792800 -4.744685 0.001261 -0.023808 0.935804 -0.351714 215
1680009283.163393 -76.044708 10.699633 -4.753525 -0.009257 0.010744 -0.730948 0.682286 216
1680009284.164090 -76.242821 10.912368 -4.751584 0.007358 0.008583 -0.435670 0.900036 217
1680009285.362445 -76.343513 11.240744 -4.742220 -0.007980 0.011724 -0.650958 0.758981 218
1680009286.465367 -76.439255 11.303386 -4.740552 -0.006848 0.012419 -0.574709 0.818235 219
1680009287.864100 -76.460846 11.319195 -4.739819 -0.008693 0.011205 -0.694988 0.718881 220
1680009288.962890 -76.438972 11.319244 -4.738925 -0.008744 0.011166 -0.713602 0.700408 221
1680009290.263536 -76.474434 11.335296 -4.739398 -0.009522 0.010509 -0.747359 0.664269 222
1680009291.363634 -76.462387 11.362089 -4.740069 -0.009639 0.010402 -0.755979 0.654443 223
1680009292.463781 -76.574669 11.713568 -4.729478 -0.001725 -0.002179 -0.724130 0.689658 224
1680009293.562682 -76.557922 12.642383 -4.713156 -0.011130 0.017023 -0.782118 0.622799 225
1680009294.763742 -76.329704 13.298859 -4.686974 -0.017023 0.010226 -0.588571 0.808202 226
1680009295.963364 -76.124474 13.527418 -4.698017 -0.010979 0.016547 -0.183827 0.982758 227
1680009296.963966 -76.244171 13.876880 -4.693933 -0.033012 0.022700 -0.405141 0.913376 228
1680009298.061528 -76.462967 14.242313 -4.688369 0.002659 -0.005039 -0.839772 0.542909 229
1680009299.063545 -76.843826 13.523990 -4.685533 -0.016157 0.019838 -0.835438 0.548989 230
1680009300.362732 -77.173889 12.313723 -4.693551 -0.011226 0.016960 -0.785601 0.618399 231
1680009301.363378 -77.204971 11.660242 -4.700683 -0.009170 0.018154 -0.707927 0.705993 232
1680009302.364042 -76.720573 11.471760 -4.731738 -0.008429 0.011405 -0.677375 0.735501 233
1680009303.461544 -76.296638 11.377633 -4.743473 -0.009855 0.010198 -0.768506 0.639685 234
1680009304.564380 -76.189751 11.361560 -4.747221 -0.009592 0.010446 -0.752420 0.658531 235
1680009305.663290 -76.204819 11.347082 -4.747047 -0.009606 0.010433 -0.752409 0.658544 236
1680009306.663852 -76.209801 10.957583 -4.747948 -0.009511 0.010520 -0.746813 0.664883 237
1680009307.762665 -76.363472 9.882382 -4.747046 -0.009467 0.010560 -0.744239 0.667762 238
1680009308.763320 -76.398422 9.332566 -4.747659 -0.009565 0.010470 -0.750989 0.660163 239
1680009309.963006 -76.424324 9.316531 -4.747142 -0.009597 0.010441 -0.752138 0.658854 240
1680009311.063330 -76.438850 9.170420 -4.747193 -0.009597 0.010441 -0.752176 0.658809 241
1680009312.163367 -76.584106 8.168648 -4.746164 -0.009686 0.010359 -0.757756 0.652384 242
1680009313.364440 -76.703674 7.481204 -4.742217 -0.016722 0.001704 -0.756169 0.654160 243
1680009314.663639 -76.727837 7.385285 -4.744562 -0.009679 0.010365 -0.757274 0.652943 244
1680009315.863988 -76.760445 7.222257 -4.744032 -0.009717 0.010330 -0.759781 0.650025 245
1680009316.964163 -76.943977 6.207266 -4.741966 -0.009803 0.010248 -0.765181 0.643659 246
1680009318.064362 -77.079063 5.480781 -4.740143 -0.009622 0.010418 -0.753894 0.656843 247
1680009319.464415 -77.121269 5.418267 -4.739663 -0.009676 0.010368 -0.757539 0.652636 248
1680009321.764288 -77.252159 4.881666 -4.737642 -0.009646 0.010396 -0.755549 0.654939 250
1680009322.964032 -77.385704 3.735785 -4.756336 -0.004623 0.018526 -0.740766 0.671491 251
1680009324.064185 -77.369057 3.337891 -4.765382 -0.004873 0.018462 -0.749760 0.661435 252
1680009325.164400 -77.360207 3.340976 -4.765461 -0.004874 0.018461 -0.749738 0.661460 253
1680009326.364128 -77.395599 2.733652 -4.777240 -0.004606 0.018530 -0.740094 0.672232 254
1680009327.462909 -77.537590 1.722325 -4.799526 -0.001503 0.015700 -0.742254 0.669933 255
1680009328.463573 -77.503975 1.422233 -4.806603 -0.001580 0.015693 -0.745924 0.665844 256
1680009329.563710 -77.479179 1.397242 -4.807884 -0.001621 0.015689 -0.746910 0.664738 257
1680009330.564376 -77.474495 1.372436 -4.808495 -0.001611 0.015690 -0.746809 0.664851 258
1680009331.764066 -77.504433 1.192069 -4.811549 -0.001636 0.015687 -0.748092 0.663407 259
1680009332.963766 -77.655243 0.049146 -4.831001 -0.006176 0.017583 -0.746124 0.665546 260
1680009334.063955 -77.743912 -0.674419 -4.841083 -0.006325 0.017530 -0.751513 0.659455 261
1680009335.164145 -77.728027 -0.691527 -4.842096 -0.006302 0.017538 -0.751115 0.659909 262
1680009336.363786 -77.753082 -0.821801 -4.843420 -0.006352 0.017520 -0.752688 0.658114 263
1680009337.364480 -77.856888 -1.764266 -4.857018 -0.006312 0.017535 -0.751178 0.659837 264
1680009338.564155 -78.024590 -2.742491 -4.869176 -0.006269 0.017550 -0.749586 0.661644 265
1680009339.664294 -78.006393 -2.790330 -4.870513 -0.006290 0.017542 -0.750442 0.660674 266
1680009340.963574 -77.993080 -2.833189 -4.872008 -0.006312 0.017534 -0.751076 0.659952 267
1680009342.063728 -78.101753 -3.753206 -4.885220 -0.006121 0.017602 -0.743490 0.668487 268
1680009343.064353 -78.173866 -4.635255 -4.898742 -0.006208 0.017571 -0.746810 0.664776 269
1680009344.164558 -78.187180 -4.848483 -4.902443 -0.006289 0.017543 -0.749894 0.661296 270
1680009345.263381 -78.173553 -4.860043 -4.902390 -0.006315 0.017533 -0.750615 0.660477 271
1680009346.263988 -78.273453 -5.342739 -4.908205 -0.006360 0.017517 -0.752513 0.658314 272
1680009347.264761 -78.383438 -6.312089 -4.922061 -0.006288 0.017543 -0.749810 0.661391 273
1680009348.464369 -78.420883 -6.804847 -4.929698 -0.006305 0.017537 -0.750369 0.660757 274
1680009349.664077 -78.408348 -6.794440 -4.929942 -0.006325 0.017530 -0.751299 0.659699 275
1680009350.964592 -78.509407 -7.321862 -4.936139 -0.006341 0.017524 -0.751907 0.659006 276
1680009352.162987 -78.599716 -8.427030 -4.953086 -0.006348 0.017522 -0.752151 0.658727 277
1680009353.163621 -78.654312 -8.761921 -4.957428 -0.006348 0.017521 -0.751963 0.658942 278
1680009354.164274 -78.657791 -8.799111 -4.957793 -0.006309 0.017536 -0.750852 0.660207 279
1680009355.263277 -78.686340 -8.991398 -4.960101 -0.006317 0.017533 -0.751271 0.659730 280
1680009356.263813 -78.783630 -9.880239 -4.972939 -0.006311 0.017535 -0.751050 0.659983 281
1680009357.564352 -78.874924 -10.723382 -4.985168 -0.006284 0.017545 -0.750197 0.660952 282
1680009358.664530 -78.856537 -10.749359 -4.986190 -0.006331 0.017528 -0.751516 0.659452 283
1680009359.763318 -78.899727 -10.915670 -4.987577 -0.006527 0.017456 -0.758778 0.651083 284
1680009360.863494 -79.051949 -11.938418 -5.001016 -0.006526 0.017456 -0.758748 0.651118 285
1680009361.864167 -79.178566 -12.737686 -5.011241 -0.006257 0.017554 -0.748652 0.662701 286
1680009363.063863 -79.159866 -12.775281 -5.012477 -0.006302 0.017538 -0.750337 0.660792 287
1680009364.263562 -79.173904 -12.853822 -5.013659 -0.006291 0.017542 -0.749891 0.661299 288
1680009365.264209 -79.291695 -13.714881 -5.025362 -0.006351 0.017520 -0.751800 0.659128 289
1680009366.364459 -79.418510 -14.624809 -5.037580 -0.006236 0.017562 -0.747447 0.664060 290
1680009367.464576 -79.418549 -14.847041 -5.041557 -0.006276 0.017547 -0.749020 0.662285 291
1680009368.763768 -79.406654 -14.849084 -5.041823 -0.006289 0.017543 -0.749478 0.661766 292
1680009369.764409 -79.490074 -15.235529 -5.046749 -0.006318 0.017532 -0.750298 0.660837 293
1680009370.863302 -79.623009 -16.298874 -5.061512 -0.006219 0.017568 -0.746564 0.665052 294
1680009371.863924 -79.698914 -16.888685 -5.069686 -0.006295 0.017540 -0.749288 0.661982 295
1680009373.063631 -79.661400 -16.897615 -5.070697 -0.006248 0.017557 -0.747501 0.663999 296
1680009374.163750 -79.647545 -16.894697 -5.071468 -0.006268 0.017550 -0.748157 0.663260 297
1680009375.164729 -79.639114 -16.903755 -5.071960 -0.006174 0.017583 -0.745157 0.666629 298
1680009376.364440 -79.637177 -17.365301 -5.080287 -0.005487 0.017810 -0.718747 0.695022 299
1680009377.663652 -79.707619 -18.585983 -5.099942 -0.005270 0.017875 -0.710239 0.703714 300
1680009378.664265 -79.727005 -18.998209 -5.106663 -0.004764 0.018017 -0.690202 0.723376 301
1680009379.664958 -79.705757 -18.984491 -5.107246 -0.004787 0.018011 -0.690904 0.722706 302
1680009380.964193 -79.689293 -18.997828 -5.107924 -0.004744 0.018022 -0.689462 0.724082 303
1680009381.964761 -79.535309 -19.514431 -5.113411 -0.009816 0.022045 -0.459598 0.887799 304
1680009383.062323 -79.530327 -19.574530 -5.113816 -0.009825 0.022041 -0.460103 0.887538 305
1680009384.064276 -79.532272 -19.629818 -5.113842 -0.009920 0.021998 -0.463388 0.885827 306
1680009385.064934 -79.520706 -19.639645 -5.114163 -0.009908 0.022004 -0.462917 0.886073 307
1680009386.165053 -79.154854 -20.001080 -5.133517 -0.008113 0.022727 -0.391523 0.919852 308
1680009387.165752 -78.656189 -20.489975 -5.159041 -0.002262 0.024025 -0.154058 0.987767 309
1680009388.364051 -78.637001 -20.526457 -5.159873 -0.003592 0.023863 -0.207434 0.977951 310
1680009389.664701 -78.581200 -20.549723 -5.162709 -0.003343 0.023899 -0.196521 0.980203 311
1680009390.864389 -77.594482 -20.834787 -5.211052 -0.001916 0.024055 -0.137993 0.990139 312
1680009391.964518 -76.769180 -21.056751 -5.251459 -0.002072 0.024042 -0.144572 0.989200 313
1680009393.064715 -76.661797 -21.068966 -5.256625 -0.002006 0.024048 -0.141607 0.989629 314
1680009395.263763 -76.004417 -21.322731 -5.289078 -0.002969 0.023948 -0.180605 0.983260 316
1680009396.264310 -75.140778 -21.656643 -5.331626 -0.003261 0.023910 -0.192605 0.980980 317
1680009397.464121 -74.735954 -21.835939 -5.351644 -0.002134 0.024037 -0.146456 0.988923 318
1680009399.664421 -74.208939 -21.971945 -5.377393 -0.001984 0.024050 -0.140108 0.989842 320
1680009400.963702 -73.059608 -22.334614 -5.433784 -0.001996 0.024049 -0.140630 0.989768 321
1680009402.063912 -72.795303 -22.378952 -5.446614 -0.002070 0.024043 -0.143569 0.989346 322
1680009403.064462 -72.783020 -22.385326 -5.447269 -0.002083 0.024041 -0.144283 0.989242 323
1680009404.164661 -72.400215 -22.518124 -5.466093 -0.002126 0.024038 -0.146183 0.988963 324
1680009405.264793 -71.382492 -22.798338 -5.515916 -0.002040 0.024045 -0.142707 0.989471 325
1680009406.365012 -70.833382 -22.962725 -5.542848 -0.002015 0.024047 -0.141390 0.989660 326
1680009407.463875 -70.809044 -22.947659 -5.543869 -0.001999 0.024049 -0.141106 0.989700 327
1680009408.564009 -70.723778 -22.971556 -5.548246 -0.002116 0.024039 -0.146064 0.988981 328
1680009409.664114 -69.788200 -23.300001 -5.594251 -0.002298 0.024022 -0.153593 0.987840 329
1680009410.863849 -68.833588 -23.576689 -5.641026 -0.001758 0.024067 -0.131439 0.991031 330
1680009411.964072 -68.782516 -23.568361 -5.643464 -0.001893 0.024057 -0.137054 0.990270 331
1680009413.064195 -68.710045 -23.583548 -5.646997 -0.002023 0.024047 -0.142299 0.989530 332
1680009414.164362 -67.788971 -23.886335 -5.692231 -0.002260 0.024025 -0.152040 0.988080 333
1680009415.264560 -66.959137 -24.138239 -5.732768 -0.001858 0.024060 -0.135402 0.990497 334
1680009416.563784 -66.879005 -24.161694 -5.736972 -0.001935 0.024054 -0.138996 0.989999 335
1680009417.764809 -66.839867 -24.162655 -5.738749 -0.001926 0.024055 -0.138312 0.990095 336
1680009418.865005 -65.961143 -24.313074 -5.781365 -0.000685 0.024122 -0.087530 0.995870 337
1680009419.963825 -65.025467 -24.484236 -5.826928 0.000284 0.024130 -0.047591 0.998575 338
1680009421.063997 -64.895882 -24.499075 -5.833210 0.000300 0.024130 -0.046940 0.998606 339
1680009423.065278 -64.524773 -24.509508 -5.851126 0.000760 0.024120 -0.028023 0.999316 341
1680009424.263696 -63.383446 -24.582451 -5.906311 0.001015 0.024110 -0.017524 0.999555 342
1680009425.464735 -62.886612 -24.584139 -5.930253 0.001545 0.024082 0.003616 0.999702 343
1680009426.564901 -62.857887 -24.581310 -5.931749 0.001510 0.024084 0.003128 0.999704 344
1680009427.665026 -62.553162 -24.594877 -5.946198 0.001412 0.024090 -0.000359 0.999709 345
1680009428.964292 -61.331139 -24.599962 -6.005079 0.001114 0.024106 -0.012774 0.999627 346
1680009429.964909 -60.867813 -24.617893 -6.027380 0.001360 0.024093 -0.002639 0.999705 347
1680009431.063802 -60.841320 -24.599825 -6.028741 0.001380 0.024092 -0.001766 0.999707 348
1680009433.164638 -60.119492 -24.587824 -6.063453 0.001339 0.024094 -0.003505 0.999703 350
1680009434.264781 -59.108143 -24.617220 -6.112510 0.001370 0.024093 -0.002217 0.999706 351
1680009435.364009 -58.790928 -24.595976 -6.127826 0.001363 0.024093 -0.002420 0.999706 352
1680009436.563691 -58.771156 -24.600540 -6.128731 0.001416 0.024090 -0.000248 0.999709 353
1680009437.662536 -58.357983 -24.631197 -6.148797 0.001334 0.024095 -0.003581 0.999702 354
1680009438.663172 -57.381943 -24.636555 -6.196158 0.001335 0.024095 -0.001852 0.999707 355
1680009439.763360 -56.754791 -24.636351 -6.226281 0.001299 0.024097 -0.003078 0.999704 356
1680009440.764018 -56.724873 -24.610403 -6.227858 0.001326 0.024095 -0.001549 0.999708 357
1680009441.864211 -56.690895 -24.605572 -6.229622 0.001327 0.024095 -0.001435 0.999708 358
1680009442.963019 -55.813927 -24.624502 -6.271972 0.001243 0.024099 -0.004960 0.999696 359
1680009443.965015 -54.917942 -24.620195 -6.315129 0.000207 0.024131 -0.047911 0.998560 360
1680009445.063880 -54.700405 -24.594152 -6.325475 -0.000274 0.024130 -0.067644 0.997418 361
1680009446.064627 -54.682320 -24.588295 -6.326389 -0.000260 0.024130 -0.067177 0.997449 362
1680009447.264202 -54.584461 -24.609209 -6.331239 -0.000654 0.024123 -0.083557 0.996211 363
1680009448.364374 -53.623344 -24.860847 -6.378233 -0.001296 0.024097 -0.110103 0.993627 364
1680009449.463174 -52.778187 -25.012447 -6.419184 -0.002071 0.024043 -0.141903 0.989586 365
1680009450.563400 -52.719604 -25.003126 -6.422212 -0.002002 0.024048 -0.139541 0.989922 366
1680009451.564039 -52.694023 -25.009640 -6.423539 -0.002025 0.024046 -0.139690 0.989901 367
1680009452.863283 -51.812130 -25.527266 -6.467438 -0.004443 0.023719 -0.238878 0.970750 368
1680009453.863970 -51.016045 -25.918785 -6.506861 -0.005525 0.023490 -0.283129 0.958778 369
1680009454.964026 -50.898540 -25.961550 -6.512649 -0.005658 0.023459 -0.288692 0.957118 370
1680009457.163099 -50.407261 -26.253769 -6.537093 -0.005563 0.023482 -0.284573 0.958351 372
1680009458.263275 -49.562126 -26.827063 -6.579376 -0.005541 0.023487 -0.283783 0.958585 373
1680009459.363430 -49.259300 -26.995464 -6.594410 -0.005685 0.023452 -0.289291 0.956937 374
1680009460.364087 -49.233341 -27.007359 -6.595689 -0.005657 0.023459 -0.288395 0.957207 375
1680009461.462929 -49.206646 -27.018471 -6.597075 -0.005605 0.023472 -0.287015 0.957622 376
1680009462.463594 -48.529636 -27.335802 -6.630538 -0.003952 0.023806 -0.219879 0.975229 377
1680009463.663276 -47.537750 -27.789307 -6.679589 -0.002492 0.024003 -0.160173 0.986794 378
1680009464.763383 -47.348522 -27.860065 -6.688884 -0.002194 0.024032 -0.148007 0.988692 379
1680009466.963789 -47.210400 -27.908247 -6.695730 -0.002230 0.024028 -0.149416 0.988480 381
1680009468.163447 -46.145142 -28.266787 -6.748050 -0.002361 0.024016 -0.154878 0.987639 382
1680009469.164138 -45.490601 -28.443901 -6.780109 -0.002235 0.024028 -0.149897 0.988407 383
1680009470.363796 -45.433666 -28.450056 -6.782935 -0.002217 0.024030 -0.149379 0.988486 384
1680009471.563503 -45.242004 -28.517233 -6.792303 -0.002425 0.024009 -0.157652 0.987200 385
1680009472.564228 -44.339817 -28.831482 -6.836645 -0.002478 0.024004 -0.159926 0.986834 386
1680009473.764008 -43.504635 -29.074484 -6.877505 -0.002349 0.024017 -0.154343 0.987723 387
1680009474.864005 -43.448463 -29.077038 -6.880319 -0.002292 0.024022 -0.152570 0.987998 388
1680009477.163895 -42.755524 -29.280704 -6.914260 -0.002253 0.024026 -0.150752 0.988277 390
1680009478.262735 -41.773087 -29.611811 -6.962519 -0.002406 0.024011 -0.157109 0.987286 391
1680009481.163790 -41.374538 -29.715374 -6.982012 -0.002256 0.024026 -0.151007 0.988238 392
1680009482.363528 -40.309719 -30.038279 -7.034216 -0.002117 0.024039 -0.145397 0.989079 393
1680009483.463657 -39.629265 -30.241627 -7.067500 -0.002220 0.024029 -0.149801 0.988422 394
1680009484.464286 -39.563633 -30.244072 -7.070800 -0.002197 0.024031 -0.148562 0.988609 395
1680009486.764169 -38.769367 -30.499369 -7.109605 -0.002075 0.024042 -0.143816 0.989310 397
1680009487.963911 -37.716297 -30.800079 -7.161183 -0.002208 0.024030 -0.149363 0.988488 398
1680009489.064069 -37.581047 -30.831617 -7.167754 -0.002211 0.024030 -0.149595 0.988453 399
1680009490.363315 -37.574978 -30.820860 -7.168071 -0.002174 0.024033 -0.147825 0.988719 400
1680009491.363941 -36.955826 -30.982769 -7.198359 -0.002084 0.024041 -0.144435 0.989220 401
1680009492.464099 -35.982525 -31.284082 -7.246099 -0.002102 0.024040 -0.145234 0.989103 402
1680009493.763381 -35.666275 -31.371002 -7.261610 -0.002245 0.024027 -0.151275 0.988197 403
1680009495.962511 -35.267757 -31.550619 -7.281234 -0.002960 0.023949 -0.180197 0.983334 405
1680009497.162225 -34.201736 -31.950813 -7.333720 -0.003258 0.023911 -0.192530 0.980994 406
1680009498.162858 -33.794968 -32.127037 -7.353922 -0.002306 0.024021 -0.153615 0.987836 407
1680009499.263036 -33.777264 -32.117958 -7.354565 -0.002303 0.024021 -0.153423 0.987866 408
1680009500.363215 -33.614464 -32.186455 -7.362640 -0.002632 0.023988 -0.166724 0.985708 409
1680009501.461961 -32.641369 -32.559425 -7.410573 -0.002904 0.023956 -0.177979 0.983738 410
1680009502.762641 -31.870201 -32.844074 -7.448720 -0.001350 0.024094 -0.114186 0.993166 411
1680009503.763240 -31.854929 -32.820869 -7.449137 -0.001377 0.024092 -0.115166 0.993053 412
1680009504.962914 -31.822285 -32.824059 -7.450651 -0.001356 0.024093 -0.114624 0.993116 413
1680009506.063071 -30.961365 -33.025249 -7.492806 -0.001292 0.024097 -0.112652 0.993341 414
1680009507.461877 -29.938286 -33.271557 -7.543102 -0.002197 0.024031 -0.149227 0.988509 415
1680009508.462487 -29.890020 -33.287888 -7.545516 -0.002142 0.024036 -0.147071 0.988831 416
1680009509.562661 -29.870756 -33.290398 -7.546334 -0.002150 0.024036 -0.147092 0.988828 417
1680009510.662817 -29.078409 -33.400009 -7.584876 0.000120 0.024131 -0.053902 0.998255 418
1680009511.761720 -28.162077 -33.696667 -7.629871 -0.004122 0.023777 -0.228324 0.973286 419
1680009512.762299 -27.971405 -33.701763 -7.639154 -0.002030 0.024046 -0.142878 0.989446 420
1680009513.862522 -27.954142 -33.747543 -7.640088 -0.001810 0.024064 -0.133410 0.990767 421
1680009514.962673 -27.950211 -33.762829 -7.640254 -0.001845 0.024061 -0.135109 0.990537 422
1680009516.162336 -27.874161 -33.778629 -7.643821 -0.001850 0.024061 -0.135191 0.990526 423
1680009517.462959 -26.758352 -34.071793 -7.698414 -0.001898 0.024057 -0.137365 0.990227 424
1680009518.563075 -26.063227 -34.302162 -7.732603 -0.001747 0.024068 -0.131443 0.991030 425
1680009519.663238 -25.982056 -34.309155 -7.736445 -0.001838 0.024061 -0.134754 0.990585 426
1680009521.963175 -25.543743 -34.376881 -7.757640 -0.001201 0.024102 -0.108451 0.993809 428
1680009523.061977 -24.522688 -34.664768 -7.807651 -0.002416 0.024010 -0.158562 0.987054 429
1680009524.162189 -24.009233 -34.832756 -7.832955 -0.001774 0.024066 -0.132578 0.990879 430
1680009525.162783 -23.986143 -34.849815 -7.833930 -0.001830 0.024062 -0.134809 0.990578 431
1680009526.263021 -23.785147 -34.959538 -7.844014 -0.004002 0.023797 -0.222606 0.974610 432
1680009527.460004 -23.286932 -35.183247 -7.868542 -0.008747 0.022490 -0.416310 0.908902 433
1680009528.562850 -23.251112 -35.202881 -7.870637 -0.008160 0.022710 -0.391319 0.919939 434
1680009529.862067 -23.252344 -35.210564 -7.870689 -0.007702 0.022869 -0.372536 0.927704 435
1680009531.061761 -22.857248 -35.813179 -7.891352 -0.009628 0.022128 -0.450898 0.892249 436
1680009532.062463 -22.291508 -36.560593 -7.920707 -0.010576 0.021690 -0.489271 0.871798 437
1680009533.161303 -22.072596 -36.839523 -7.931975 -0.013203 0.020199 -0.594878 0.803453 438
1680009534.262741 -22.046097 -36.832764 -7.933364 -0.013090 0.020273 -0.589739 0.807233 439
1680009536.461818 -21.916471 -37.565594 -7.941600 -0.014108 0.019578 -0.630461 0.775845 441
1680009537.561979 -21.706406 -38.562683 -7.954525 -0.014421 0.019349 -0.642932 0.765543 442
1680009538.662102 -21.633503 -38.846008 -7.958872 -0.014651 0.019175 -0.652050 0.757792 443
1680009539.762272 -21.617046 -38.854225 -7.959649 -0.014662 0.019167 -0.652567 0.757347 444
1680009540.762958 -21.556705 -39.165756 -7.963396 -0.014655 0.019172 -0.652098 0.757751 445
1680009541.861774 -21.427483 -40.217579 -7.972577 -0.014667 0.019162 -0.652644 0.757280 446
1680009542.961988 -21.316525 -40.824146 -7.979596 -0.014633 0.019189 -0.651243 0.758486 447
1680009544.162988 -21.291368 -40.885487 -7.981045 -0.014669 0.019162 -0.652774 0.757168 448
1680009546.361974 -21.222681 -41.548225 -7.986190 -0.014658 0.019170 -0.652531 0.757378 450
1680009547.362615 -21.073265 -42.472404 -7.996005 -0.014667 0.019163 -0.652951 0.757015 451
1680009548.661855 -20.983566 -42.896187 -8.001471 -0.014663 0.019166 -0.653148 0.756846 452
1680009549.662539 -20.973026 -42.903728 -8.002095 -0.014680 0.019153 -0.653256 0.756752 453
1680009550.762719 -20.952999 -42.986652 -8.003246 -0.014668 0.019162 -0.652908 0.757053 454
1680009551.862855 -20.800440 -44.009876 -8.013489 -0.014572 0.019235 -0.649166 0.760264 455
1680009553.062561 -20.686691 -44.773075 -8.020967 -0.014716 0.019126 -0.655145 0.755118 456
1680009554.162735 -20.657772 -44.827610 -8.022811 -0.014725 0.019119 -0.655082 0.755173 457
1680009556.364397 -20.621347 -45.229336 -8.025642 -0.014765 0.019088 -0.656676 0.753787 459
1680009557.464571 -20.460318 -46.280930 -8.036367 -0.014793 0.019066 -0.657829 0.752781 460
1680009558.664308 -20.378790 -46.807438 -8.041669 -0.014738 0.019108 -0.655811 0.754539 461
1680009559.863973 -20.361538 -46.832348 -8.042654 -0.014759 0.019092 -0.656304 0.754111 462
1680009561.063648 -20.362146 -46.885612 -8.042986 -0.014775 0.019079 -0.657275 0.753264 463
1680009562.263342 -20.318121 -47.899212 -8.047978 -0.015405 0.018575 -0.682157 0.730807 464
1680009563.264028 -20.228115 -48.733597 -8.054876 -0.017994 0.016079 -0.782964 0.621599 465
1680009564.365498 -20.158546 -48.848991 -8.058317 -0.018245 0.015794 -0.793123 0.608583 466
1680009565.464419 -20.143789 -48.847076 -8.058974 -0.018234 0.015806 -0.792736 0.609088 467
1680009566.563234 -20.322891 -49.268021 -8.051727 -0.018755 0.015185 -0.812981 0.581791 468
1680009567.563840 -20.635666 -50.184757 -8.039279 -0.018873 0.015038 -0.817533 0.575375 469
1680009568.664014 -20.822241 -50.756046 -8.032083 -0.018836 0.015085 -0.815846 0.577766 470
1680009569.863739 -20.813061 -50.800983 -8.032351 -0.018821 0.015103 -0.815793 0.577840 471
1680009570.864366 -20.903095 -51.091042 -8.028911 -0.018795 0.015136 -0.814509 0.579649 472
1680009572.064024 -21.288181 -52.168087 -8.013435 -0.018738 0.015206 -0.812334 0.582693 473
1680009573.263779 -21.459723 -52.736595 -8.006684 -0.018806 0.015121 -0.815078 0.578849 474
1680009574.264440 -21.473167 -52.784534 -8.006374 -0.018802 0.015127 -0.814865 0.579148 475
1680009575.363227 -21.499346 -52.861282 -8.005260 -0.018745 0.015198 -0.812465 0.582510 476
1680009576.363869 -21.790489 -53.688225 -7.993559 -0.018739 0.015204 -0.812332 0.582696 477
1680009577.464020 -22.058701 -54.585609 -7.983195 -0.018830 0.015092 -0.815817 0.577807 478
1680009578.564216 -22.114843 -54.720001 -7.980969 -0.018814 0.015112 -0.815154 0.578741 479
1680009579.863459 -22.108812 -54.735458 -7.981122 -0.018797 0.015132 -0.814535 0.579612 480
1680009580.864176 -22.277660 -55.337429 -7.974941 -0.018668 0.015292 -0.809910 0.586057 481
1680009582.063786 -22.633348 -56.409145 -7.960889 -0.018822 0.015102 -0.815832 0.577785 482
1680009583.263517 -22.683815 -56.531166 -7.958712 -0.018838 0.015082 -0.816819 0.576390 483
1680009584.264125 -22.702034 -56.564011 -7.957981 -0.018857 0.015058 -0.816811 0.576400 484
1680009585.463863 -22.700451 -56.571423 -7.958240 -0.019011 0.014863 -0.823148 0.567314 485
1680009586.563992 -22.972698 -57.274582 -7.947017 -0.018810 0.015117 -0.815323 0.578503 486
1680009587.763695 -23.301371 -58.316048 -7.934175 -0.018795 0.015135 -0.814790 0.579253 487
1680009588.863833 -23.370663 -58.519096 -7.931390 -0.018802 0.015127 -0.815005 0.578951 488
1680009591.263323 -23.572220 -59.157772 -7.923631 -0.018820 0.015105 -0.815830 0.577788 490
1680009592.263910 -23.905725 -60.039173 -7.910107 -0.018813 0.015113 -0.815613 0.578095 491
1680009593.264561 -24.024139 -60.415844 -7.905409 -0.018778 0.015156 -0.814524 0.579627 492
1680009594.363565 -24.035275 -60.464817 -7.905237 -0.018795 0.015136 -0.814692 0.579392 493
1680009595.463603 -24.115400 -60.668240 -7.901708 -0.018724 0.015224 -0.812273 0.582778 494
1680009596.563794 -24.473343 -61.655777 -7.887323 -0.018634 0.015333 -0.808895 0.587457 495
1680009597.663923 -24.675070 -62.367073 -7.879524 -0.018749 0.015193 -0.813269 0.581388 496
1680009598.863601 -24.645422 -62.406921 -7.881323 -0.018752 0.015188 -0.813678 0.580815 497
1680009599.963787 -24.676647 -62.509354 -7.880048 -0.018781 0.015153 -0.814487 0.579680 498
1680009600.964438 -24.998709 -63.369640 -7.867023 -0.018845 0.015073 -0.816991 0.576145 499
1680009602.063416 -25.324434 -64.208015 -7.853763 -0.018931 0.014965 -0.820393 0.571291 500
1680009603.063952 -25.363556 -64.363785 -7.852181 -0.018878 0.015032 -0.818372 0.574183 501
1680009604.263629 -25.378822 -64.374023 -7.851709 -0.018877 0.015034 -0.818293 0.574295 502
1680009605.264230 -25.477776 -64.630959 -7.847769 -0.018774 0.015162 -0.814436 0.579752 503
1680009606.463919 -25.843924 -65.720840 -7.833307 -0.018583 0.015395 -0.807213 0.589767 504
1680009607.663679 -26.001354 -66.294823 -7.827211 -0.018805 0.015123 -0.815644 0.578050 505
1680009608.763877 -25.972166 -66.320091 -7.829073 -0.018766 0.015172 -0.814511 0.579646 506
1680009609.862679 -26.075773 -66.613777 -7.824636 -0.017863 0.016225 -0.780231 0.625026 507
1680009610.964250 -26.359085 -67.209862 -7.812768 -0.010312 0.021817 -0.481916 0.875885 508
1680009612.162566 -26.472332 -67.424614 -7.807920 -0.008801 0.022469 -0.421471 0.906521 509
1680009613.264065 -26.464905 -67.455650 -7.808428 -0.008931 0.022418 -0.426169 0.904322 510
1680009615.365097 -26.524300 -67.435310 -7.805507 -0.001241 0.024100 -0.112941 0.993309 512
1680009616.463957 -26.578136 -67.408798 -7.802836 0.008504 0.022584 0.293064 0.955788 513
1680009617.564117 -26.562990 -67.395004 -7.803525 0.016839 0.017285 0.651708 0.758086 514
1680009618.663034 -26.535917 -67.345993 -7.804729 0.017851 0.016238 0.696405 0.717244 515
1680009619.764520 -26.530117 -67.324554 -7.804914 0.017731 0.016369 0.691034 0.722419 516
1680009620.864654 -26.474640 -66.940956 -7.806283 0.017400 0.016720 0.676301 0.736230 517
1680009622.064363 -26.365726 -65.798233 -7.808097 0.017072 0.017056 0.661690 0.749389 518
1680009623.164518 -26.324038 -65.265526 -7.808161 0.017722 0.016379 0.690550 0.722882 519
1680009624.264668 -26.347589 -65.263901 -7.807360 0.017697 0.016405 0.689334 0.724042 520
1680009625.464412 -26.302055 -64.949409 -7.808901 0.017709 0.016393 0.689787 0.723610 521
1680009626.764950 -26.278456 -63.721333 -7.806341 0.017784 0.016311 0.692952 0.720580 522
1680009627.863764 -26.253315 -63.213120 -7.805964 0.016767 0.017355 0.648001 0.761257 523
1680009628.963949 -26.281500 -63.215080 -7.804820 0.016793 0.017330 0.648937 0.760460 524
1680009629.964591 -26.212580 -63.052536 -7.807312 0.015894 0.018158 0.610309 0.791796 525
1680009631.064733 -25.851213 -62.095871 -7.821854 0.015047 0.018866 0.573193 0.819065 526
1680009632.163609 -25.567865 -61.303181 -7.833081 0.014130 0.019562 0.533283 0.845593 527
1680009633.164260 -25.581543 -61.274231 -7.832427 0.014218 0.019498 0.537194 0.843114 528
1680009634.264380 -25.573147 -61.255001 -7.832685 0.014204 0.019509 0.536548 0.843524 529
1680009635.464053 -25.121742 -60.422646 -7.851895 0.013780 0.019810 0.518566 0.854697 530
1680009636.564253 -24.667669 -59.564701 -7.871046 0.013766 0.019820 0.519717 0.853997 531
1680009637.864863 -24.622818 -59.439407 -7.872701 0.013750 0.019831 0.520093 0.853769 532
1680009639.064528 -24.601191 -59.383179 -7.873779 0.013740 0.019838 0.518988 0.854441 533
1680009640.264250 -24.108948 -58.466679 -7.894446 0.013649 0.019901 0.517689 0.855229 534
1680009641.364345 -23.734240 -57.738438 -7.910748 0.013574 0.019952 0.514481 0.857162 535
1680009642.464560 -23.705732 -57.639244 -7.911394 0.013652 0.019899 0.517385 0.855413 536
1680009644.664866 -23.534674 -57.344646 -7.918894 0.013769 0.019818 0.522307 0.852416 538
1680009645.763758 -23.059956 -56.391914 -7.939143 0.013837 0.019771 0.525093 0.850703 539
1680009646.863925 -22.760233 -55.838638 -7.952033 0.013727 0.019847 0.520410 0.853575 540
1680009647.964079 -22.783436 -55.812923 -7.950882 0.013749 0.019832 0.521246 0.853065 541
1680009650.263915 -22.417225 -55.016926 -7.966259 0.014412 0.019355 0.550225 0.834667 543
1680009651.465001 -22.052580 -54.056896 -7.981193 0.016713 0.017408 0.650057 0.759502 544
1680009652.563859 -22.076218 -54.010136 -7.979894 0.016444 0.017662 0.638212 0.769483 545
1680009653.663975 -22.072174 -53.920593 -7.979923 0.016203 0.017883 0.627864 0.777949 546
1680009654.764174 -21.877707 -52.936462 -7.986588 0.016506 0.017603 0.641004 0.767158 547
1680009655.963858 -21.726681 -52.008549 -7.991309 0.017269 0.016856 0.674296 0.738067 548
1680009657.064071 -21.720915 -51.926636 -7.991355 0.017127 0.017000 0.667956 0.743809 549
1680009659.163522 -21.688503 -51.398155 -7.991488 0.017234 0.016892 0.672933 0.739310 551
1680009660.164167 -21.581074 -50.425346 -7.993991 0.017304 0.016820 0.675939 0.736562 552
1680009661.264334 -21.537710 -49.976524 -7.994860 0.017202 0.016925 0.671358 0.740740 553
1680009662.364473 -21.545446 -49.924320 -7.994239 0.017185 0.016942 0.670434 0.741577 554
1680009663.464690 -21.531330 -49.808159 -7.994771 0.017107 0.017020 0.667585 0.744143 555
1680009664.563486 -21.418804 -48.795811 -7.997423 0.017085 0.017042 0.666530 0.745087 556
1680009665.564154 -21.332512 -47.987999 -7.999352 0.017149 0.016978 0.669117 0.742765 557
1680009666.664320 -21.324999 -47.883091 -7.999451 0.017106 0.017022 0.667563 0.744163 558
1680009667.764469 -21.332773 -47.875309 -7.999060 0.017095 0.017032 0.666998 0.744668 559
1680009668.863362 -21.290150 -47.598927 -8.000472 0.017056 0.017071 0.665463 0.746040 560
1680009669.963446 -21.150764 -46.538647 -8.004124 0.017046 0.017081 0.665724 0.745808 561
1680009670.964120 -21.087650 -45.869312 -8.005325 0.017097 0.017031 0.669132 0.742752 562
1680009672.064299 -21.098032 -45.828178 -8.004643 0.017097 0.017031 0.667754 0.743991 563
1680009673.264019 -21.085026 -45.676727 -8.004995 0.017071 0.017057 0.666441 0.745167 564
1680009674.264628 -20.962200 -44.744049 -8.008385 0.017042 0.017086 0.665095 0.746369 565
1680009675.362409 -20.872398 -43.884640 -8.010364 0.016862 0.017263 0.657236 0.753299 566
1680009676.563490 -20.883867 -43.781170 -8.009601 0.016913 0.017213 0.659614 0.751217 567
1680009677.763176 -20.877781 -43.746864 -8.009705 0.016935 0.017192 0.660191 0.750710 568
1680009678.863355 -20.761181 -42.898430 -8.012901 0.016971 0.017156 0.661716 0.749366 569
1680009679.963536 -20.671339 -41.947205 -8.014630 0.016954 0.017172 0.660963 0.750031 570
1680009681.163352 -20.660805 -41.774509 -8.014643 0.016890 0.017236 0.658147 0.752502 571
1680009683.262635 -20.613693 -41.270290 -8.015598 0.016867 0.017258 0.657075 0.753439 573
1680009684.263333 -20.461338 -40.305103 -8.020293 0.016852 0.017273 0.656401 0.754026 574
1680009685.562593 -20.404276 -39.739986 -8.021580 0.016906 0.017219 0.658953 0.751797 575
1680009686.763683 -20.392286 -39.728996 -8.021966 0.016953 0.017174 0.660605 0.750345 576
1680009687.862461 -20.288330 -39.030838 -8.025209 0.016892 0.017234 0.658092 0.752551 577
1680009688.962693 -20.198675 -38.025898 -8.026770 0.016782 0.017341 0.653296 0.756718 578
1680009689.963329 -20.156572 -37.747002 -8.027865 0.016852 0.017272 0.656175 0.754223 579
1680009691.162986 -20.139715 -37.715542 -8.028839 0.016845 0.017280 0.656142 0.754252 580
1680009692.263505 -20.132233 -37.608093 -8.029012 0.016869 0.017256 0.657457 0.753106 581
1680009693.363271 -20.033993 -36.602997 -8.031008 0.016975 0.017152 0.662125 0.749005 582
1680009694.463465 -19.933323 -35.715374 -8.033287 0.016774 0.017349 0.654010 0.756101 583
1680009695.663116 -19.911371 -35.638851 -8.034309 0.016873 0.017252 0.657354 0.753195 584
1680009696.763318 -19.904287 -35.636208 -8.034724 0.016905 0.017221 0.659047 0.751715 585
1680009697.963021 -19.782244 -34.871227 -8.038461 0.016842 0.017282 0.656259 0.754150 586
1680009699.162688 -19.664389 -33.827675 -8.041227 0.016880 0.017245 0.658229 0.752431 587
1680009700.262911 -19.640091 -33.655533 -8.041946 0.016892 0.017234 0.658698 0.752020 588
1680009701.462560 -19.644297 -33.649113 -8.041760 0.016890 0.017236 0.658375 0.752303 589
1680009702.565395 -19.604397 -33.370018 -8.042869 0.017867 0.016221 0.701797 0.711968 590
1680009703.662997 -19.385698 -32.723621 -8.051697 0.015592 0.018418 0.603982 0.796633 591
1680009704.663508 -19.335724 -32.527523 -8.027976 0.063987 -0.042319 0.648232 0.757568 592
1680009705.762431 -19.356525 -32.501419 -8.023000 0.063899 -0.042452 0.649534 0.756452 593
1680009706.763070 -19.336437 -32.488689 -8.023932 0.064016 -0.042276 0.648541 0.757304 594
1680009707.763683 -19.339729 -32.476616 -8.019802 0.063897 -0.042456 0.649649 0.756354 595
1680009708.963345 -19.308105 -31.919134 -7.833301 0.137997 -0.100653 0.689427 0.703929 596
1680009710.161780 -19.131344 -31.541998 -7.753968 -0.015767 0.057040 0.645841 0.761175 597
1680009711.162420 -19.099133 -31.491648 -7.760992 -0.015514 0.057109 0.649142 0.758362 598
1680009712.163046 -19.109118 -31.494345 -7.760368 -0.015595 0.057087 0.648398 0.758998 599
1680009714.461584 -18.997555 -30.814796 -7.833817 -0.019669 0.055814 0.592204 0.803612 601
1680009715.563115 -18.774939 -29.812325 -7.946709 -0.017801 0.056438 0.618459 0.783585 602
1680009716.663254 -18.693836 -29.514772 -7.981180 -0.016157 0.056930 0.640706 0.765503 603
1680009718.963139 -18.636482 -29.074526 -8.028210 -0.016457 0.056844 0.636821 0.768737 605
1680009720.162809 -18.401396 -27.965439 -8.152425 -0.016250 0.056904 0.639805 0.766256 606
1680009721.262995 -18.359449 -27.582890 -8.192713 -0.015950 0.056988 0.643973 0.762756 607
1680009722.462718 -18.348705 -27.544090 -8.197323 -0.015921 0.056997 0.644221 0.762547 608
1680009723.562877 -18.356575 -27.502071 -8.200603 -0.015740 0.057047 0.646492 0.760622 609
1680009724.762518 -18.279417 -26.507469 -8.303229 -0.013075 0.057716 0.681048 0.729844 610
1680009725.763219 -18.215668 -25.644920 -8.392175 -0.009866 0.058350 0.720445 0.690982 611
1680009726.862052 -18.226194 -25.456062 -8.410024 -0.009245 0.058452 0.727713 0.683324 612
1680009729.062421 -18.324322 -25.174850 -8.431156 -0.004544 0.059004 0.780110 0.622838 614
1680009730.063080 -18.600290 -24.278328 -8.500959 -0.001949 0.059146 0.806837 0.587802 615
1680009731.163190 -18.841583 -23.585135 -8.553047 -0.000099 0.059178 0.824775 0.562356 616
1680009732.263370 -18.881638 -23.523382 -8.556393 -0.000221 0.059178 0.823836 0.563730 617
1680009734.763641 -19.089830 -22.780035 -8.615575 -0.003314 0.059086 0.793612 0.605540 619
1680009735.865081 -19.378967 -21.878653 -8.685176 -0.008099 0.058622 0.741650 0.668172 620
1680009736.965237 -19.521610 -21.687878 -8.694537 -0.014296 0.057426 0.665803 0.743777 621
1680009738.264465 -19.539591 -21.665375 -8.695674 -0.014230 0.057442 0.667865 0.741926 622
1680009739.364663 -19.535635 -21.654167 -8.696839 -0.013225 0.057682 0.680524 0.730332 623
1680009740.763413 -19.377464 -20.972654 -8.774405 -0.032953 0.049155 0.378561 0.923683 624
1680009741.765323 -19.358130 -20.888222 -8.784223 -0.030226 0.050877 0.427617 0.902021 625
1680009742.963696 -19.340578 -20.866226 -8.787294 -0.030120 0.050940 0.429238 0.901251 626
1680009744.163386 -19.118509 -20.706783 -8.817385 -0.036635 0.046475 0.307244 0.949789 627
1680009745.464012 -18.865063 -20.429504 -8.861487 -0.044050 0.039518 0.141144 0.988219 628
1680009746.564280 -18.838087 -20.410088 -8.864890 -0.043668 0.039940 0.150366 0.986858 629
1680009747.664358 -18.821239 -20.410152 -8.866562 -0.042775 0.040895 0.173502 0.983054 630
1680009748.763225 -18.074657 -20.371559 -8.919340 -0.048517 0.033886 0.021571 0.998014 631
1680009749.765166 -17.133799 -20.356987 -8.983233 -0.049858 0.031880 -0.019299 0.998061 632
1680009750.863982 -16.849934 -20.351116 -9.002516 -0.050403 0.031010 -0.036587 0.997577 633
1680009751.864629 -16.853281 -20.349920 -9.003000 -0.050358 0.031084 -0.035244 0.997625 634
1680009753.064343 -16.305338 -20.366581 -9.037091 -0.050220 0.031306 -0.030974 0.997767 635
1680009754.164514 -15.259596 -20.470400 -9.096159 -0.050171 0.031384 -0.029011 0.997826 636
1680009755.465034 -14.846556 -20.475904 -9.122661 -0.050408 0.031002 -0.036432 0.997582 637
1680009756.563873 -14.826868 -20.473446 -9.124583 -0.050390 0.031032 -0.036055 0.997596 638
1680009757.763637 -14.608370 -20.496113 -9.136704 -0.050240 0.031274 -0.031210 0.997759 639
1680009758.863796 -13.565912 -20.579956 -9.197593 -0.050120 0.031466 -0.026445 0.997897 640
1680009759.864433 -12.850636 -20.605406 -9.242200 -0.050428 0.030970 -0.035563 0.997614 641
1680009760.964557 -12.816599 -20.580248 -9.247180 -0.050390 0.031031 -0.034946 0.997636 642
1680009763.163577 -12.160834 -20.620258 -9.286313 -0.050483 0.030880 -0.037840 0.997530 644
1680009764.263795 -11.139708 -20.733599 -9.342797 -0.050446 0.030941 -0.035146 0.997629 645
1680009765.363937 -10.785842 -20.724964 -9.366670 -0.050432 0.030963 -0.034951 0.997635 646
1680009766.364541 -10.755239 -20.730782 -9.368431 -0.050433 0.030962 -0.034133 0.997664 647
1680009767.464754 -10.572051 -20.751688 -9.378692 -0.050397 0.031021 -0.032999 0.997702 648
1680009768.563605 -9.540860 -20.842648 -9.437904 -0.050368 0.031067 -0.029945 0.997798 649
1680009769.663827 -8.774239 -20.865276 -9.486063 -0.050501 0.030850 -0.033720 0.997678 650
1680009770.664417 -8.728916 -20.856138 -9.489718 -0.050526 0.030809 -0.034338 0.997657 651
1680009771.764598 -8.698033 -20.845877 -9.492510 -0.050503 0.030847 -0.033794 0.997675 652
1680009772.863439 -7.858436 -20.856312 -9.545835 -0.047053 0.035891 0.070458 0.995758 653
1680009773.864091 -7.143628 -20.860182 -9.592259 -0.037936 0.045420 0.289819 0.955250 654
1680009774.962890 -7.101352 -20.838108 -9.596927 -0.039119 0.044405 0.263598 0.962816 655
1680009776.064408 -7.104627 -20.829462 -9.597955 -0.039141 0.044386 0.263111 0.962949 656
1680009777.264118 -6.863997 -20.588289 -9.637914 -0.032484 0.049466 0.394782 0.916867 657
1680009778.365638 -6.649012 -20.357910 -9.674660 -0.023525 0.054302 0.544051 0.836963 658
1680009779.464474 -6.566953 -20.354275 -9.680325 -0.024934 0.053669 0.523182 0.850164 659
1680009780.465132 -6.559207 -20.323906 -9.684217 -0.024871 0.053699 0.523339 0.850067 660
1680009781.764397 -6.318722 -19.660204 -9.765446 -0.021411 0.055170 0.575934 0.815352 661
1680009782.863218 -6.005435 -18.694757 -9.881657 -0.015774 0.057038 0.654605 0.753651 662
1680009784.062874 -5.962745 -18.410784 -9.912428 -0.008836 0.058515 0.739564 0.670479 663
1680009785.164449 -5.968549 -18.397043 -9.913289 -0.009242 0.058453 0.734995 0.675485 664
1680009786.264603 -5.986267 -18.311913 -9.921230 -0.008945 0.058499 0.738608 0.671532 665
1680009787.364746 -6.149261 -17.331850 -10.007733 -0.006641 0.058805 0.764126 0.642347 666
1680009788.564481 -6.336171 -16.483971 -10.079376 -0.004527 0.059005 0.786433 0.614834 667
1680009789.764127 -6.380683 -16.399708 -10.084733 -0.004644 0.058996 0.785405 0.616147 668
1680009791.864970 -6.601684 -15.944769 -10.115178 0.002785 0.059113 0.856432 0.512857 670
1680009792.867000 -6.780190 -15.465718 -10.151056 0.013999 0.057499 0.938650 0.339756 671
1680009793.964426 -6.831264 -15.427659 -10.151339 0.011204 0.058108 0.921270 0.384394 672
1680009795.064608 -6.874915 -15.409026 -10.150189 0.011086 0.058131 0.921017 0.385000 673
1680009796.066238 -7.330860 -15.120711 -10.148911 0.028563 0.051829 0.995304 0.076601 674
1680009797.165097 -7.395428 -15.089780 -10.147912 0.026033 0.053145 0.990323 0.125531 675
1680009798.265298 -7.410991 -15.089966 -10.146994 0.025920 0.053200 0.990043 0.127721 676
1680009799.365417 -7.472014 -15.091732 -10.142741 0.025386 0.053457 0.988728 0.137533 677
1680009800.465635 -8.383477 -14.984292 -10.094209 0.029659 0.051210 0.996668 0.056138 678
1680009801.564444 -9.316558 -14.878768 -10.044063 0.036536 0.046554 0.994749 -0.083504 679
1680009802.764170 -9.452019 -14.874269 -10.035804 0.036043 0.046936 0.995620 -0.072385 680
1680009803.766119 -9.480199 -14.866971 -10.036639 0.037292 0.046336 0.997093 -0.047611 681
1680009804.864949 -9.860555 -14.994903 -9.997489 0.045604 0.038184 0.969172 -0.239100 682
1680009806.063312 -10.082692 -15.043061 -9.977648 0.047872 0.035299 0.952226 -0.299546 683
1680009808.265041 -10.155649 -15.110749 -9.966042 0.047358 0.035986 0.956611 -0.285232 685
1680009809.365204 -10.990004 -15.696401 -9.851552 0.047891 0.035274 0.952346 -0.299163 686
1680009810.465347 -11.689311 -16.235310 -9.750908 0.041945 0.042171 0.986649 -0.151612 687
1680009811.467360 -11.750178 -16.305464 -9.740078 0.042865 0.041235 0.983135 -0.172939 689
1680009813.765893 -11.959994 -16.314329 -9.724830 0.038085 0.045686 0.996148 -0.064429 691
1680009814.866014 -12.973564 -16.255297 -9.659539 0.033778 0.048957 0.997893 0.025921 692
1680009816.165304 -13.821089 -16.229845 -9.602628 0.030999 0.050762 0.994886 0.081636 693
1680009817.165900 -13.848207 -16.244362 -9.599074 0.031194 0.050642 0.995206 0.077630 694
1680009818.365656 -13.860987 -16.245602 -9.598253 0.031184 0.050649 0.995156 0.078279 695
1680009819.565337 -14.729406 -16.134151 -9.547933 0.031501 0.050452 0.995649 0.071725 696
1680009820.665494 -15.682326 -15.983932 -9.495774 0.031280 0.050590 0.995434 0.074650 697
1680009821.865196 -15.854962 -15.967199 -9.485193 0.031271 0.050595 0.995442 0.074548 698
1680009822.865865 -15.856894 -15.971400 -9.484923 0.031274 0.050593 0.995431 0.074693 699
1680009823.964718 -16.324825 -15.863014 -9.462501 0.031069 0.050719 0.995152 0.078325 700
1680009824.965326 -17.305735 -15.723353 -9.407562 0.031061 0.050724 0.995276 0.076739 701
1680009825.965921 -17.820358 -15.647065 -9.379049 0.031202 0.050638 0.995523 0.073455 702
1680009827.165660 -17.862005 -15.661021 -9.374784 0.031244 0.050612 0.995560 0.072958 703
1680009828.265815 -18.266111 -15.615931 -9.350881 0.031103 0.050699 0.995407 0.075021 704
1680009829.665913 -19.609079 -15.386662 -9.279806 0.029859 0.051441 0.993621 0.095812 705
1680009830.766076 -19.902908 -15.371325 -9.260977 0.028596 0.052154 0.991021 0.119751 706
1680009832.865556 -20.215343 -15.217169 -9.254516 0.025933 0.053528 0.983931 0.168351 708
1680009833.965776 -21.216078 -14.844446 -9.221650 0.024643 0.054134 0.980062 0.189581 709
1680009835.064594 -21.830193 -14.610918 -9.202072 0.020688 0.055765 0.963904 0.259522 710
1680009836.065240 -21.852997 -14.620480 -9.199693 0.020903 0.055685 0.964919 0.255721 711
1680009837.065858 -21.866726 -14.613672 -9.199037 0.020910 0.055682 0.964792 0.256199 712
1680009838.164693 -22.522934 -14.206917 -9.193487 0.020212 0.055940 0.961638 0.267797 713
1680009839.165320 -23.346563 -13.778442 -9.178558 0.019874 0.056060 0.960435 0.272077 714
1680009840.365024 -23.581732 -13.622590 -9.177402 0.019593 0.056159 0.959152 0.276569 715
1680009841.465251 -23.601553 -13.606888 -9.177889 0.019588 0.056161 0.959139 0.276612 716
1680009842.565375 -23.752563 -13.522249 -9.175776 0.019417 0.056220 0.958391 0.279195 717
1680009843.566029 -24.545170 -13.008721 -9.171679 0.019230 0.056284 0.957990 0.280566 718
1680009844.765748 -25.232290 -12.552128 -9.169096 0.019429 0.056216 0.959141 0.276605 719
1680009845.865874 -25.322153 -12.522989 -9.166218 0.019412 0.056222 0.959297 0.276066 720
1680009848.265297 -25.864120 -12.142535 -9.166203 0.019087 0.056333 0.957830 0.281113 722
1680009849.564565 -26.895298 -11.567866 -9.152113 0.019201 0.056294 0.958620 0.278406 723
1680009850.665993 -27.087570 -11.437186 -9.151673 0.019309 0.056257 0.959183 0.276461 724
1680009851.865745 -27.105057 -11.436635 -9.150819 0.019258 0.056275 0.958963 0.277221 725
1680009852.965939 -27.664680 -11.074515 -9.147872 0.021204 0.055571 0.968195 0.243023 726
1680009854.164295 -28.645809 -10.539573 -9.133770 0.027420 0.052781 0.989861 0.128983 727
1680009855.165713 -28.853350 -10.439209 -9.129923 0.031417 0.050504 0.996910 0.051303 728
1680009856.166374 -28.862402 -10.428788 -9.129656 0.031058 0.050726 0.996503 0.058695 729
1680009858.466349 -29.139709 -10.339860 -9.118658 0.032022 0.050123 0.997472 0.038880 731
1680009859.466846 -29.184816 -10.346377 -9.115808 0.031979 0.050151 0.997416 0.040289 732
1680009862.666538 -29.192228 -10.347096 -9.115640 0.031963 0.050161 0.997411 0.040409 735
1680009864.866840 -29.193558 -10.347073 -9.115546 0.031979 0.050151 0.997410 0.040443 737
