timestamp x y z qx qy qz qw id
1680009045.161726 -29.414551 -10.247416 -6.131082 0.017620 -0.006295 0.996771 0.078084 1
1680009046.261889 -29.414553 -10.247437 -6.130858 0.017601 -0.006329 0.996771 0.078091 2
1680009047.461637 -29.414566 -10.247474 -6.130628 0.017613 -0.006323 0.996765 0.078158 3
1680009048.462219 -29.414545 -10.247527 -6.130429 0.017629 -0.006367 0.996766 0.078143 4
1680009049.562431 -29.414553 -10.247601 -6.130171 0.017614 -0.006363 0.996766 0.078140 5
1680009050.861658 -29.414543 -10.247647 -6.129905 0.017609 -0.006411 0.996761 0.078207 6
1680009050.861658 -29.414543 -10.247647 -6.129905 0.017609 -0.006411 0.996761 0.078207 7
1680009051.961836 -29.414536 -10.247747 -6.129658 0.017659 -0.006499 0.996757 0.078240 8
1680009053.161525 -29.414545 -10.247936 -6.129368 0.017654 -0.006519 0.996755 0.078270 9
1680009054.261708 -29.414549 -10.248137 -6.129099 0.017702 -0.006538 0.996749 0.078335 10
1680009055.361845 -29.414555 -10.248400 -6.128862 0.017679 -0.006545 0.996746 0.078373 11
1680009056.461983 -29.414539 -10.248535 -6.128618 0.017656 -0.006536 0.996745 0.078392 12
1680009057.562187 -29.414534 -10.248702 -6.128424 0.017606 -0.006483 0.996745 0.078401 13
1680009058.662393 -29.414547 -10.248824 -6.128177 0.017631 -0.006436 0.996747 0.078382 14
1680009059.862051 -29.414526 -10.248920 -6.127923 0.017618 -0.006424 0.996748 0.078367 15
1680009060.962274 -29.414536 -10.249050 -6.127676 0.017681 -0.006445 0.996752 0.078297 16
1680009062.161969 -29.414541 -10.249151 -6.127430 0.017641 -0.006503 0.996752 0.078304 17
1680009063.262149 -29.414539 -10.249242 -6.127189 0.017613 -0.006323 0.996753 0.078318 18
1680009064.362268 -29.414545 -10.249347 -6.126943 0.017642 -0.006328 0.996755 0.078279 19
1680009065.461132 -29.414532 -10.249446 -6.126727 0.017615 -0.006339 0.996760 0.078222 20
1680009066.561311 -29.414513 -10.249491 -6.126537 0.017594 -0.006381 0.996768 0.078130 21
1680009067.661446 -29.414516 -10.249573 -6.126290 0.017600 -0.006275 0.996772 0.078082 22
1680009068.662154 -29.414534 -10.249601 -6.126111 0.017573 -0.006270 0.996774 0.078063 23
1680009069.762269 -29.414505 -10.249594 -6.125945 0.017515 -0.006286 0.996776 0.078053 24
1680009070.961986 -29.414530 -10.249625 -6.125709 0.017563 -0.006254 0.996773 0.078075 25
1680009072.262578 -29.414499 -10.249639 -6.125470 0.017514 -0.006274 0.996775 0.078060 26
1680009073.462301 -29.414513 -10.249654 -6.125220 0.017511 -0.006257 0.996775 0.078062 27
1680009074.662624 -29.414528 -10.249658 -6.124982 0.017546 -0.006300 0.996770 0.078119 28
1680009075.762826 -29.414536 -10.249692 -6.124729 0.017550 -0.006265 0.996768 0.078149 29
1680009076.862945 -29.414532 -10.249678 -6.124511 0.017536 -0.006232 0.996765 0.078183 30
1680009077.961798 -29.414528 -10.249657 -6.124307 0.017492 -0.006243 0.996763 0.078220 31
1680009078.962413 -29.414509 -10.249656 -6.124090 0.017538 -0.006242 0.996760 0.078254 32
1680009080.062596 -29.414513 -10.249643 -6.123848 0.017588 -0.006283 0.996758 0.078263 33
1680009081.262278 -29.414536 -10.249634 -6.123605 0.017576 -0.006291 0.996753 0.078331 34
1680009082.362479 -29.414526 -10.249631 -6.123361 0.017579 -0.006251 0.996752 0.078337 35
1680009083.562207 -29.414528 -10.249696 -6.123056 0.017649 -0.006302 0.996748 0.078373 36
1680009084.862732 -29.414526 -10.249714 -6.122778 0.017705 -0.006369 0.996746 0.078382 37
1680009085.962873 -29.414518 -10.249840 -6.122564 0.017708 -0.006413 0.996751 0.078317 38
1680009087.063068 -29.414526 -10.249892 -6.122341 0.017683 -0.006390 0.996750 0.078331 39
1680009088.161969 -29.414522 -10.249930 -6.122108 0.017669 -0.006420 0.996749 0.078345 40
1680009089.262105 -29.414505 -10.249990 -6.121834 0.017702 -0.006398 0.996750 0.078331 41
1680009090.262729 -29.414505 -10.250021 -6.121635 0.017648 -0.006373 0.996746 0.078396 42
1680009091.362896 -29.414511 -10.250085 -6.121435 0.017657 -0.006381 0.996746 0.078387 43
1680009092.463073 -29.414515 -10.250178 -6.121195 0.017683 -0.006370 0.996747 0.078368 44
1680009093.762316 -29.414480 -10.250302 -6.120931 0.017760 -0.006274 0.996748 0.078350 45
1680009094.762958 -29.414473 -10.250295 -6.120733 0.017776 -0.006199 0.996746 0.078380 46
1680009095.962642 -29.414476 -10.250295 -6.120478 0.017740 -0.006201 0.996744 0.078415 47
1680009097.062795 -29.414442 -10.250322 -6.120232 0.017775 -0.006181 0.996747 0.078369 48
1680009098.262522 -29.414410 -10.250325 -6.119937 0.017865 -0.006204 0.996748 0.078337 49
1680009099.362702 -29.414299 -10.250340 -6.119761 0.017833 -0.006266 0.996748 0.078338 50
1680009100.462907 -29.437281 -10.239789 -5.722148 0.006727 -0.001228 0.997017 0.076874 51
1680009101.563065 -29.183985 -10.092164 -5.705200 -0.000502 -0.001682 0.997749 0.067037 52
1680009102.661974 -29.200581 -10.060005 -5.704157 0.001667 -0.000528 0.997831 0.065810 53
1680009103.662529 -29.252272 -10.061586 -5.701542 -0.000200 -0.013971 0.998542 0.052149 54
1680009104.663152 -29.986977 -10.220258 -5.700974 -0.000766 -0.006531 0.995158 -0.098066 55
1680009105.763353 -30.842037 -10.419583 -5.707920 -0.001209 -0.004018 0.973090 -0.230385 56
1680009106.963097 -30.904305 -10.457960 -5.723508 0.000157 0.000418 0.978443 -0.206518 57
1680009108.061894 -30.906878 -10.465676 -5.724781 0.000459 0.001838 0.979719 -0.200366 58
1680009109.062565 -31.278809 -10.673881 -5.720946 0.000684 -0.002624 0.974470 -0.224499 59
1680009110.162743 -32.236912 -11.140164 -5.737619 -0.003313 -0.000269 0.972350 -0.233505 60
1680009111.262966 -32.666210 -11.369159 -5.757009 -0.003974 -0.002395 0.973706 -0.227759 61
1680009112.462564 -32.702236 -11.385769 -5.764990 -0.002656 0.000440 0.973705 -0.227798 62
1680009113.562813 -32.979237 -11.456218 -5.773417 -0.006126 0.010672 0.984244 -0.176389 63
1680009114.662955 -33.978180 -11.751323 -5.784482 -0.006438 0.009434 0.991679 -0.128229 64
1680009115.859955 -34.624805 -11.921193 -5.793463 -0.000341 -0.004555 0.999926 0.011308 65
1680009116.861938 -34.626835 -11.944418 -5.804602 0.001374 -0.000435 0.999788 -0.020565 66
1680009117.862581 -34.624794 -11.944613 -5.805858 0.001620 -0.000157 0.999801 -0.019860 67
1680009119.062253 -35.317307 -11.899756 -5.805285 -0.000604 0.000186 0.999829 0.018466 68
1680009120.062921 -36.268021 -11.852692 -5.824827 -0.005081 -0.002728 0.999680 0.024642 69
1680009121.163150 -36.663082 -11.810340 -5.839870 -0.002168 -0.003864 0.999666 0.025474 70
1680009122.261937 -36.675823 -11.826395 -5.844819 -0.002048 -0.000110 0.999685 0.025015 71
1680009123.362100 -36.909996 -11.805650 -5.855444 -0.001408 0.003393 0.999547 0.029879 72
1680009124.462255 -37.961689 -11.746525 -5.861668 -0.000894 0.000555 0.999463 0.032749 73
1680009125.562454 -38.657421 -11.732481 -5.868638 -0.002256 0.001754 0.999726 0.023246 74
1680009126.563123 -38.746651 -11.707618 -5.882441 -0.000951 0.000878 0.999710 0.024066 75
1680009127.661951 -38.752922 -11.705789 -5.883677 -0.001231 -0.000133 0.999723 0.023517 76
1680009128.662552 -38.949509 -11.697385 -5.898122 -0.001739 -0.000698 0.999665 0.025822 77
1680009129.762726 -39.986343 -11.632548 -5.898872 -0.002054 0.000097 0.999586 0.028697 78
1680009131.062023 -40.744640 -11.582664 -5.915629 -0.003697 -0.001802 0.999705 0.023927 79
1680009132.263028 -40.805634 -11.592083 -5.924851 -0.001387 -0.000484 0.999686 0.025030 80
1680009133.363181 -41.027927 -11.556519 -5.936862 -0.000775 0.006890 0.999070 0.042561 81
1680009134.562856 -42.168999 -11.428496 -5.950436 -0.007762 -0.001959 0.999005 0.043868 82
1680009135.860458 -42.786934 -11.390025 -5.961469 -0.001287 -0.000763 0.998495 0.054830 83
1680009137.161017 -42.816418 -11.411420 -5.968824 -0.000335 0.000144 0.998573 0.053412 84
1680009138.261228 -43.009159 -11.398176 -5.981096 0.000264 -0.001944 0.998690 0.051126 85
1680009139.460914 -44.144020 -11.273647 -5.985250 -0.004524 -0.000333 0.998620 0.052323 86
1680009140.561023 -44.755554 -11.207153 -5.995743 -0.002379 -0.001157 0.998498 0.054730 87
1680009141.661244 -44.814697 -11.200239 -6.002932 -0.000476 0.003676 0.998411 0.056234 88
1680009142.860936 -45.065117 -11.157172 -6.015128 -0.001460 0.000583 0.998420 0.056165 89
1680009143.961115 -46.106518 -11.006950 -6.029224 -0.003092 0.001275 0.998405 0.056357 90
1680009145.061253 -46.869438 -10.927886 -6.037343 -0.005835 0.001376 0.998336 0.057344 91
1680009146.161541 -46.904144 -10.956490 -6.053252 -0.002844 0.000179 0.998349 0.057361 92
1680009147.361130 -47.027206 -10.941578 -6.057910 -0.001225 0.004118 0.998083 0.061736 93
1680009148.660351 -48.223747 -10.725673 -6.076060 -0.005429 -0.001049 0.997734 0.067054 94
1680009149.661036 -48.864296 -10.667422 -6.077768 -0.002674 0.001273 0.998309 0.058054 95
1680009150.761239 -48.914341 -10.688424 -6.094128 -0.000367 -0.000119 0.998236 0.059367 96
1680009151.860020 -48.973179 -10.685836 -6.094599 -0.000016 0.002779 0.998169 0.060430 97
1680009152.960242 -49.889450 -10.537184 -6.104052 -0.002442 -0.001624 0.997652 0.068422 98
1680009153.960826 -50.725769 -10.447032 -6.106994 -0.000383 -0.002600 0.998224 0.059515 99
1680009155.061041 -50.928169 -10.421025 -6.122599 0.000157 0.002228 0.998353 0.057322 100
1680009156.161225 -50.937531 -10.420045 -6.124952 -0.000344 -0.000059 0.998384 0.056828 101
1680009157.261332 -51.556458 -10.288446 -6.133523 -0.001101 0.007814 0.995544 0.093967 102
1680009158.361509 -52.578819 -10.136713 -6.145716 -0.003710 0.017501 0.991024 0.132480 103
1680009159.559906 -52.939262 -10.087851 -6.163970 0.002382 -0.002491 0.951920 0.306326 104
1680009160.560566 -52.963421 -10.098913 -6.166951 0.003627 -0.001444 0.957419 0.288675 105
1680009161.660684 -52.986851 -10.069126 -6.168674 0.009631 0.012375 0.958440 0.284863 106
1680009162.760957 -53.472000 -9.375286 -6.166082 0.002787 -0.001246 0.916060 0.401030 107
1680009163.761623 -54.072075 -8.730748 -6.168499 0.002273 0.000001 0.907915 0.419148 108
1680009163.761623 -54.072075 -8.730748 -6.168499 0.002273 0.000001 0.907915 0.419148 109
1680009164.860339 -54.266281 -8.573585 -6.183177 0.002530 -0.002220 0.903808 0.427926 110
1680009165.960556 -54.284630 -8.585242 -6.187074 0.003810 -0.001720 0.903742 0.428058 111
1680009166.961192 -54.509979 -8.331815 -6.188866 0.001120 -0.001605 0.905676 0.423967 112
1680009168.061314 -55.160946 -7.494041 -6.192170 -0.001235 0.002319 0.903851 0.427840 113
1680009169.360547 -55.555126 -7.036436 -6.210427 -0.004267 0.000194 0.902287 0.431115 114
1680009170.361186 -55.575329 -7.016995 -6.216797 -0.002552 0.002213 0.901983 0.431759 115
1680009171.461374 -55.680538 -6.860367 -6.227708 -0.000755 0.002104 0.899871 0.436151 116
1680009172.560203 -56.294334 -6.022870 -6.241426 -0.006596 0.003020 0.899370 0.437127 117
1680009173.661744 -56.776379 -5.411555 -6.262392 -0.004898 0.006195 0.902193 0.431261 118
1680009174.861437 -56.822315 -5.402591 -6.277432 -0.006917 0.003791 0.901825 0.432029 119
1680009175.961581 -56.878067 -5.335020 -6.278643 -0.005204 0.005459 0.899358 0.437148 120
1680009177.260838 -57.554970 -4.369730 -6.314716 -0.010054 0.003484 0.896324 0.443273 121
1680009178.360945 -57.999996 -3.796028 -6.325800 0.000957 0.003473 0.902522 0.430628 122
1680009179.560654 -58.041527 -3.797010 -6.339811 0.003751 -0.001128 0.902236 0.431226 123
1680009180.660847 -58.116932 -3.719999 -6.343893 0.002488 -0.002697 0.904778 0.425867 124
1680009181.861334 -58.786865 -2.860557 -6.351639 -0.005265 0.003937 0.909965 0.414633 125
1680009182.960771 -59.233719 -2.224905 -6.381082 -0.010687 0.007368 0.900895 0.433842 126
1680009183.961404 -59.262760 -2.194248 -6.389106 -0.014694 0.004939 0.901964 0.431533 127
1680009185.061611 -59.250843 -2.182347 -6.390959 -0.012918 0.009381 0.901528 0.432427 128
1680009186.160375 -59.243668 -2.150138 -6.390157 -0.012823 0.007698 0.902219 0.431019 129
1680009187.161023 -59.235970 -2.156041 -6.385372 -0.014498 0.006302 0.902029 0.431386 130
1680009188.261220 -59.277531 -2.179058 -6.384643 -0.011939 0.005758 0.901761 0.432033 131
1680009189.560423 -59.228043 -2.145703 -6.381285 -0.013189 0.008620 0.901783 0.431902 132
1680009190.561092 -59.252789 -2.160421 -6.377383 -0.015156 0.004915 0.901882 0.431689 133
1680009191.760838 -59.290428 -2.192425 -6.378515 -0.013341 0.004469 0.901441 0.432673 134
1680009192.761407 -59.325489 -2.196653 -6.379651 -0.013884 0.000752 0.901750 0.432035 135
1680009193.861596 -59.356895 -2.207234 -6.379965 -0.011698 0.007248 0.901888 0.431751 136
1680009195.062841 -59.556015 -1.958682 -6.394795 -0.015668 0.005657 0.905935 0.423089 137
1680009196.163038 -60.180870 -1.113456 -6.414508 -0.009191 0.004451 0.907606 0.419699 138
1680009197.561759 -60.556454 -0.570805 -6.433029 -0.010312 0.005696 0.903207 0.429044 139
1680009198.661963 -60.555016 -0.552666 -6.440000 -0.009142 0.005070 0.902980 0.429556 140
1680009199.662596 -60.553658 -0.541780 -6.439886 -0.009147 0.004630 0.903219 0.429058 141
1680009200.762759 -60.527470 -0.527975 -6.436071 -0.009347 0.006454 0.903060 0.429364 142
1680009201.962472 -60.502815 -0.490961 -6.432487 -0.008573 0.004301 0.903169 0.429177 143
1680009202.963049 -60.549374 -0.534737 -6.429389 -0.009715 0.002995 0.902712 0.430126 144
1680009204.061979 -60.580849 -0.560462 -6.428244 -0.010190 0.003645 0.902930 0.429650 145
1680009205.162108 -60.589046 -0.575233 -6.426267 -0.010498 0.003584 0.902529 0.430486 146
1680009206.262254 -60.665585 -0.598252 -6.425538 -0.012099 0.001057 0.903279 0.428881 147
1680009207.461949 -60.692051 -0.614026 -6.429205 -0.008478 0.004044 0.902758 0.430047 148
1680009208.462615 -60.748093 -0.553820 -6.431979 -0.009199 0.005741 0.907311 0.420321 149
1680009209.562762 -61.346058 0.218797 -6.461165 -0.012816 0.006269 0.907332 0.420172 150
1680009210.762485 -61.882885 0.963842 -6.488582 -0.009695 0.007812 0.901671 0.432243 151
1680009211.862592 -61.882549 1.105763 -6.503533 -0.008544 0.006579 0.903171 0.429146 152
1680009213.062364 -61.822063 1.135208 -6.503153 -0.006375 0.001857 0.902509 0.430620 153
1680009214.262030 -61.846958 1.124897 -6.497868 -0.006338 0.002180 0.902834 0.429938 154
1680009215.362220 -61.835228 1.134887 -6.493227 -0.006030 0.000524 0.902599 0.430439 155
1680009216.462372 -61.919075 1.063120 -6.487011 -0.008487 0.003163 0.902672 0.430234 156
1680009217.562572 -61.938019 1.042053 -6.485760 -0.010922 0.003072 0.902364 0.430825 157
1680009218.762224 -62.003036 1.006470 -6.485676 -0.007540 0.001771 0.901515 0.432678 158
1680009219.762903 -62.036877 1.005625 -6.489453 -0.007689 0.004697 0.902494 0.430608 159
1680009220.863100 -62.047749 1.010954 -6.490734 -0.006895 0.007327 0.909468 0.415651 160
1680009222.062702 -62.593288 1.668361 -6.511288 -0.009155 0.004785 0.907026 0.420949 161
1680009223.162919 -63.186138 2.425572 -6.543468 -0.011614 0.006095 0.903704 0.427956 162
1680009224.462185 -63.360527 2.576885 -6.566157 -0.008903 0.004777 0.902209 0.431181 163
1680009225.562371 -63.365360 2.581883 -6.568444 -0.009314 0.003872 0.902182 0.431239 164
1680009226.662476 -63.489872 2.850533 -6.580776 -0.004549 0.012918 0.880074 0.474639 165
1680009227.963061 -64.067192 3.924380 -6.600629 -0.007459 0.006460 0.867020 0.498175 166
1680009229.162787 -64.357613 4.311255 -6.634630 -0.008529 0.004433 0.849531 0.527451 167
1680009230.362460 -64.367706 4.318534 -6.636834 -0.003398 0.003687 0.849565 0.527460 168
1680009231.661690 -64.443886 4.419469 -6.642984 -0.015192 -0.012773 0.872559 0.488105 169
1680009232.662407 -65.005043 5.124384 -6.647445 -0.003038 -0.001702 0.906822 0.421499 170
1680009233.863381 -65.598099 5.828796 -6.655267 -0.009568 -0.000169 0.941173 0.337790 171
1680009235.061740 -65.697510 5.880980 -6.671266 0.000932 -0.000301 0.936185 0.351508 172
1680009236.062336 -65.707764 5.879995 -6.673367 0.001294 0.000548 0.936285 0.351239 173
1680009237.063003 -65.820961 6.002316 -6.679446 0.004027 0.001886 0.934861 0.354987 174
1680009238.262706 -66.616699 6.811632 -6.692478 -0.002222 0.001650 0.934379 0.356270 175
1680009239.362924 -67.179939 7.266625 -6.698221 -0.004820 0.002929 0.936766 0.349910 176
1680009240.463018 -67.228592 7.251409 -6.713253 -0.000815 0.000477 0.937195 0.348805 177
1680009241.662779 -67.278076 7.296244 -6.713456 0.002770 0.008285 0.934592 0.355615 178
1680009242.762973 -67.875534 8.026180 -6.722202 -0.002964 0.002435 0.920365 0.391043 179
1680009243.861805 -68.511299 8.676699 -6.730350 -0.004557 0.002283 0.910284 0.413954 180
1680009244.963329 -68.585472 8.722378 -6.743976 -0.000376 0.001512 0.909848 0.414939 181
1680009246.062135 -68.596573 8.721795 -6.745518 0.000331 0.001734 0.908852 0.417115 182
1680009247.062733 -68.985611 9.266452 -6.751894 -0.003626 0.001838 0.909904 0.414800 183
1680009248.361993 -69.751846 10.141468 -6.760851 0.000109 -0.001086 0.908605 0.417655 184
1680009249.462131 -69.883179 10.273750 -6.777416 -0.001219 -0.001188 0.908108 0.418733 185
1680009250.562318 -69.899223 10.261203 -6.779883 -0.000228 0.000891 0.908021 0.418924 186
1680009251.562955 -70.144371 10.528358 -6.781727 -0.003980 -0.000630 0.911221 0.411897 187
1680009252.661832 -70.820526 11.346029 -6.787616 -0.001422 0.002830 0.911314 0.411700 188
1680009253.662474 -71.175056 11.813978 -6.804451 -0.001852 0.001134 0.907568 0.419899 189
1680009254.663045 -71.195862 11.819788 -6.811610 -0.000808 -0.000062 0.907293 0.420498 190
1680009255.663259 -71.204140 11.838595 -6.813818 0.001090 0.002360 0.916371 0.400321 191
1680009256.663790 -71.706383 12.431175 -6.814845 -0.000109 0.000706 0.913408 0.407045 192
1680009257.763965 -72.355721 13.174332 -6.823406 -0.000625 0.002079 0.909672 0.415322 193
1680009258.862845 -72.524323 13.312178 -6.842873 0.000116 0.000058 0.907932 0.419117 194
1680009259.962981 -72.537766 13.319479 -6.845248 -0.000256 -0.000661 0.907673 0.419678 195
1680009261.162740 -72.729050 13.500781 -6.860939 -0.004115 -0.005606 0.921347 0.388680 196
1680009262.362424 -73.502625 14.272910 -6.856005 -0.009454 -0.018888 0.955840 0.293128 197
1680009263.465254 -73.775543 14.501408 -6.869701 0.002100 -0.000235 0.992231 0.124392 198
1680009264.763185 -73.807526 14.485982 -6.873593 0.000385 0.000541 0.989971 0.141271 199
1680009265.962881 -74.053841 14.498194 -6.884180 -0.002197 -0.029311 0.999081 0.031193 200
1680009267.064379 -74.439507 14.507994 -6.876221 0.001590 0.002047 0.986943 -0.161050 201
1680009268.163159 -74.486984 14.520148 -6.883213 0.004150 -0.004090 0.991706 -0.128396 202
1680009269.163782 -74.489738 14.511002 -6.885955 0.003545 0.007788 0.993703 -0.111722 203
1680009270.262665 -74.799553 14.389308 -6.880757 0.010515 -0.025464 0.963797 -0.265209 204
1680009271.264608 -75.022644 14.256012 -6.883000 -0.005498 -0.001549 0.903312 -0.428946 205
1680009272.463040 -75.110466 14.263247 -6.889149 -0.004896 -0.000818 0.918125 -0.396259 206
1680009273.563212 -75.126038 14.243018 -6.890633 -0.004678 -0.004354 0.917162 -0.398463 207
1680009274.563842 -75.255669 14.069485 -6.889716 0.002063 0.008355 -0.836096 0.548515 208
1680009275.662678 -75.359283 13.958087 -6.896171 0.005994 0.003454 -0.854073 0.520108 209
1680009276.663313 -75.362534 13.953924 -6.896717 0.005531 0.004129 -0.854334 0.519679 210
1680009277.762203 -75.325874 13.941260 -6.904200 0.003294 0.008207 -0.806870 0.590663 211
1680009278.764083 -74.978920 13.636875 -6.891588 -0.009898 0.014304 -0.552045 0.833633 212
1680009279.862939 -74.663033 12.724895 -6.867630 0.005378 -0.045232 -0.666201 0.744380 213
1680009280.963151 -74.876839 12.015732 -6.863832 -0.029661 0.014526 0.908465 -0.416655 214
1680009282.061929 -75.459343 11.649471 -6.952302 -0.013554 -0.020345 0.938203 -0.345222 215
1680009283.163393 -75.691124 11.561176 -6.968392 0.003036 0.002016 -0.735961 0.677014 216
1680009284.164090 -75.895615 11.776382 -6.971791 0.015640 -0.004080 -0.442114 0.896813 217
1680009285.362445 -75.996590 12.106009 -6.956621 -0.000676 0.005442 -0.656580 0.754236 218
1680009286.465367 -76.065018 12.169209 -6.949914 0.002522 0.007005 -0.581263 0.813682 219
1680009287.864100 -76.087257 12.188838 -6.947886 0.004241 0.004006 -0.700810 0.713324 220
1680009288.962890 -76.075081 12.170761 -6.949298 -0.001109 0.003551 -0.719444 0.694540 221
1680009290.263536 -76.099579 12.199991 -6.945103 0.003663 0.004115 -0.752812 0.658213 222
1680009291.363634 -76.089516 12.211162 -6.937744 0.002098 0.002137 -0.761617 0.648021 223
1680009292.463781 -76.171097 12.560810 -6.937159 0.006304 -0.003653 -0.729854 0.683565 224
1680009293.562682 -76.163940 13.505311 -6.912395 -0.002839 0.016347 -0.787358 0.616273 225
1680009294.763742 -75.927208 14.159228 -6.891766 0.001122 0.001138 -0.594979 0.803740 226
1680009295.963364 -75.702019 14.381623 -6.881319 -0.005634 0.005098 -0.193382 0.981094 227
1680009296.963966 -75.815399 14.734866 -6.878018 -0.025095 0.012965 -0.414038 0.909821 228
1680009298.061528 -76.026810 15.105313 -6.875557 0.014562 -0.009258 -0.844588 0.535138 229
1680009299.063545 -76.417458 14.394693 -6.886418 -0.004075 0.015683 -0.840156 0.542103 230
1680009300.362732 -76.762955 13.168576 -6.909963 0.000422 0.011760 -0.790837 0.611913 231
1680009301.363378 -76.781754 12.484934 -6.928039 0.001842 0.007801 -0.714052 0.700047 232
1680009302.364042 -76.324753 12.307685 -6.945396 0.002066 0.000588 -0.683532 0.729917 233
1680009303.461544 -75.906891 12.216242 -6.944228 0.002612 0.003809 -0.774060 0.633095 234
1680009304.564380 -75.807129 12.187912 -6.945100 0.001395 0.002305 -0.758265 0.651941 235
1680009305.663290 -75.810852 12.173087 -6.945860 0.002724 0.001133 -0.758000 0.652248 236
1680009306.663852 -75.842079 11.778519 -6.946194 0.001439 0.003888 -0.752750 0.658294 237
1680009307.762665 -75.993721 10.713242 -6.972812 0.008039 0.004967 -0.750547 0.660749 238
1680009308.763320 -76.057388 10.186491 -6.998487 0.009343 0.009307 -0.757328 0.652902 239
1680009309.963006 -76.076202 10.153198 -7.006476 0.008795 0.006959 -0.758446 0.651640 240
1680009311.063330 -76.108032 9.991916 -7.017886 0.007069 0.006344 -0.758815 0.651237 241
1680009312.163367 -76.287308 8.973265 -7.053857 0.003507 0.002326 -0.764400 0.644728 242
1680009313.364440 -76.432854 8.237226 -7.057619 -0.003637 -0.006288 -0.762922 0.646450 243
1680009314.663639 -76.463882 8.168666 -7.069890 0.002319 0.001747 -0.764241 0.644924 244
1680009315.863988 -76.492119 8.006618 -7.080109 0.005543 0.000946 -0.766750 0.641921 245
1680009316.964163 -76.703957 7.002984 -7.087325 0.005658 0.003319 -0.772066 0.635509 246
1680009318.064362 -76.871559 6.263587 -7.102581 -0.001496 0.003564 -0.760880 0.648881 247
1680009319.464415 -76.898476 6.190481 -7.117134 0.000916 0.000847 -0.764377 0.644768 248
1680009320.664161 -76.898720 6.181522 -7.118207 0.000328 0.002925 -0.762472 0.647015 249
1680009321.764288 -77.041504 5.654106 -7.127367 0.002044 0.000163 -0.762383 0.647123 250
1680009322.964032 -77.201103 4.513856 -7.150149 0.006922 0.007988 -0.747816 0.663822 251
1680009324.064185 -77.216553 4.109157 -7.168243 0.000393 0.008565 -0.756743 0.653657 252
1680009325.164400 -77.186897 4.105157 -7.172759 0.003808 0.003315 -0.756730 0.653708 253
1680009326.364128 -77.243881 3.484387 -7.186572 0.002497 0.003468 -0.747325 0.664445 254
1680009327.462909 -77.408119 2.479290 -7.200382 0.005610 0.000625 -0.749225 0.662291 255
1680009328.463573 -77.393593 2.195033 -7.211579 0.005093 0.007004 -0.752614 0.658405 256
1680009329.563710 -77.359917 2.154057 -7.214389 0.005451 0.004425 -0.753542 0.657363 257
1680009330.564376 -77.355927 2.135689 -7.215655 0.005570 0.005188 -0.753556 0.657340 258
1680009331.764066 -77.390846 1.952770 -7.225825 0.006997 0.002342 -0.754854 0.655852 259
1680009332.963766 -77.564201 0.817251 -7.240252 0.002429 0.004256 -0.752789 0.658244 260
1680009334.063955 -77.664360 0.109716 -7.253599 0.006735 0.005808 -0.757816 0.652408 261
1680009335.164145 -77.648193 0.071838 -7.265300 0.001758 0.001662 -0.757737 0.652556 262
1680009336.363786 -77.670876 -0.061974 -7.272631 0.003632 -0.001024 -0.759503 0.650493 263
1680009337.364480 -77.815979 -0.997785 -7.278800 0.003657 0.003257 -0.757965 0.652277 264
1680009338.564155 -77.993011 -1.959782 -7.302421 0.010484 0.003889 -0.756213 0.654230 265
1680009339.664294 -77.989922 -2.024047 -7.316349 0.004515 0.002701 -0.757242 0.653113 266
1680009340.963574 -77.987297 -2.078696 -7.317964 0.002268 0.003309 -0.757804 0.652470 267
1680009342.063728 -78.122276 -2.998823 -7.337626 0.004566 0.004453 -0.750500 0.660840 268
1680009343.064353 -78.228012 -3.864993 -7.356293 0.006668 0.005972 -0.754034 0.656774 269
1680009344.164558 -78.212631 -4.057909 -7.375794 0.016021 0.006605 -0.756873 0.653332 270
1680009345.263381 -78.225510 -4.057615 -7.379328 0.013384 0.010822 -0.757589 0.652505 271
1680009346.263988 -78.341690 -4.545994 -7.397941 0.011631 0.010566 -0.759428 0.650401 272
1680009347.264761 -78.485916 -5.514603 -7.434334 0.014605 0.012251 -0.756957 0.653186 273
1680009348.464369 -78.562744 -6.013821 -7.464936 0.009424 0.011545 -0.757728 0.652401 274
1680009349.664077 -78.539452 -6.022055 -7.469868 0.008170 0.007717 -0.758569 0.651495 275
1680009350.964592 -78.659920 -6.552929 -7.487673 0.006709 0.004556 -0.759284 0.650709 276
1680009352.162987 -78.810333 -7.659818 -7.509007 0.003795 0.007746 -0.759619 0.650311 277
1680009353.163621 -78.877274 -7.980810 -7.529464 0.010473 0.012524 -0.759387 0.650434 278
1680009354.164274 -78.856499 -8.000124 -7.536799 0.015917 0.013461 -0.758193 0.651697 279
1680009355.263277 -78.894394 -8.206147 -7.550647 0.015973 0.011446 -0.758517 0.651357 280
1680009356.263813 -79.034622 -9.137949 -7.573051 0.008450 0.007177 -0.758315 0.651794 281
1680009357.564352 -79.152367 -9.979361 -7.586983 0.003099 0.004029 -0.757588 0.652713 282
1680009358.664530 -79.133461 -10.016530 -7.599993 0.002146 0.002130 -0.758817 0.651297 283
1680009359.763318 -79.173141 -10.190541 -7.609242 0.004783 -0.002923 -0.766060 0.642745 284
1680009360.863494 -79.380714 -11.214001 -7.613222 0.001000 0.001397 -0.766021 0.642814 285
1680009361.864167 -79.524696 -11.991495 -7.625825 0.007132 0.004092 -0.755854 0.654688 286
1680009363.063863 -79.513809 -12.042807 -7.638830 0.001891 0.000775 -0.757675 0.652628 287
1680009364.263562 -79.520638 -12.127054 -7.641846 0.001982 -0.000020 -0.757093 0.653304 288
1680009365.264209 -79.674065 -13.000634 -7.650661 0.000618 -0.001170 -0.759240 0.650809 289
1680009366.364459 -79.843445 -13.894208 -7.655341 0.001248 0.005761 -0.754637 0.656116 290
1680009367.464576 -79.852150 -14.123996 -7.671065 -0.002596 0.006613 -0.756205 0.654296 291
1680009368.763768 -79.824387 -14.131889 -7.675691 0.001399 0.000377 -0.756629 0.653843 292
1680009369.764409 -79.921005 -14.520705 -7.673398 0.001500 -0.000368 -0.757374 0.652980 293
1680009370.863302 -80.090012 -15.579404 -7.684056 0.001855 0.001133 -0.753665 0.657256 294
1680009371.863924 -80.189789 -16.158680 -7.702708 0.005526 0.005600 -0.755974 0.654555 295
1680009373.063631 -80.155823 -16.172539 -7.709955 0.001874 0.005652 -0.754515 0.656256 296
1680009374.163750 -80.126572 -16.178629 -7.713630 0.002765 0.001614 -0.755292 0.655381 297
1680009375.164729 -80.115555 -16.183886 -7.713198 0.003662 0.001229 -0.752151 0.658979 298
1680009376.364440 -80.127060 -16.650753 -7.713604 0.000034 0.003454 -0.726175 0.687501 299
1680009377.663652 -80.228416 -17.874142 -7.736826 0.002377 0.004651 -0.717873 0.696155 300
1680009378.664265 -80.253746 -18.283035 -7.747577 0.003787 0.005843 -0.698030 0.716035 301
1680009379.664958 -80.227425 -18.275280 -7.756137 0.002744 0.002819 -0.698765 0.715340 302
1680009380.964193 -80.219086 -18.291279 -7.757046 0.001574 0.004350 -0.697235 0.716827 303
1680009381.964761 -80.068329 -18.810472 -7.752902 -0.007542 0.007260 -0.469014 0.883129 304
1680009383.062323 -80.048767 -18.865526 -7.764526 0.005269 0.000690 -0.468877 0.883248 305
1680009384.064276 -80.049324 -18.925957 -7.766293 0.000493 -0.000216 -0.472460 0.881352 306
1680009385.064934 -80.041199 -18.936430 -7.767079 -0.000799 0.000843 -0.472173 0.881505 307
1680009386.165053 -79.680473 -19.301088 -7.770682 -0.010075 0.005467 -0.401104 0.915961 308
1680009387.165752 -79.171860 -19.777088 -7.800183 0.004579 0.011438 -0.163654 0.986441 309
1680009388.364051 -79.159668 -19.813166 -7.814526 0.005031 0.026582 -0.217618 0.975659 310
1680009389.664701 -79.103958 -19.835522 -7.818013 -0.002743 0.028149 -0.207310 0.977866 311
1680009390.864389 -78.120010 -20.142138 -7.879640 0.001716 0.029366 -0.149375 0.988343 312
1680009391.964518 -77.303596 -20.388025 -7.911881 -0.001290 0.016826 -0.156444 0.987543 313
1680009393.064715 -77.203545 -20.403799 -7.925268 0.000381 0.007963 -0.153284 0.988150 314
1680009394.163555 -77.202011 -20.405720 -7.926588 0.001307 0.007900 -0.153231 0.988158 315
1680009395.263763 -76.565353 -20.685169 -7.948970 0.002813 0.012248 -0.192470 0.981222 316
1680009396.264310 -75.717438 -21.052031 -7.981777 -0.000855 0.015120 -0.203841 0.978887 317
1680009397.464121 -75.329872 -21.239614 -8.006505 0.004394 0.011633 -0.158010 0.987359 318
1680009398.564281 -75.325500 -21.244663 -8.008891 0.000454 0.012117 -0.157083 0.987511 319
1680009399.664421 -74.807938 -21.395023 -8.024652 0.001457 0.012499 -0.151729 0.988342 320
1680009400.963702 -73.669975 -21.790432 -8.070407 0.003904 0.016408 -0.152412 0.988173 321
1680009402.063912 -73.410660 -21.846474 -8.089843 0.000697 0.013187 -0.155427 0.987759 322
1680009403.064462 -73.397278 -21.852581 -8.093186 0.001912 0.012071 -0.155960 0.987688 323
1680009404.164661 -73.020432 -22.000818 -8.101775 0.002293 0.010928 -0.158298 0.987328 324
1680009405.264793 -72.011353 -22.318577 -8.128487 0.000471 0.010581 -0.154440 0.987945 325
1680009406.365012 -71.472427 -22.494566 -8.141598 -0.000163 0.003441 -0.153281 0.988177 326
1680009407.463875 -71.444931 -22.479385 -8.151901 -0.000106 0.001991 -0.152899 0.988240 327
1680009408.564009 -71.357796 -22.508919 -8.153231 0.002638 -0.000234 -0.158102 0.987419 328
1680009409.664114 -70.432961 -22.877802 -8.159014 0.001345 0.003452 -0.165203 0.986253 329
1680009410.863849 -69.488892 -23.191195 -8.174020 -0.000582 0.004285 -0.142923 0.989724 330
1680009411.964072 -69.437859 -23.183878 -8.190357 0.001357 0.002861 -0.148422 0.988919 331
1680009413.064195 -69.365372 -23.202629 -8.191839 0.003168 0.001921 -0.153835 0.988090 332
1680009414.164362 -68.455498 -23.537113 -8.199542 0.000417 0.003420 -0.163252 0.986578 333
1680009415.264560 -67.639336 -23.809799 -8.213460 0.000119 0.006309 -0.146903 0.989131 334
1680009416.563784 -67.559113 -23.835936 -8.226206 -0.002791 0.002151 -0.150272 0.988638 335
1680009417.764809 -67.516060 -23.840715 -8.227810 -0.005273 0.003493 -0.149201 0.988787 336
1680009418.865005 -66.638680 -24.009468 -8.246773 -0.001313 0.004373 -0.098566 0.995120 337
1680009419.963825 -65.709976 -24.201113 -8.252779 -0.006618 0.006837 -0.058580 0.998237 338
1680009421.063997 -65.580650 -24.214809 -8.267537 0.001595 0.006657 -0.058179 0.998283 339
1680009422.064681 -65.578056 -24.223343 -8.269619 -0.000049 0.006209 -0.059697 0.998197 340
1680009423.065278 -65.208832 -24.234581 -8.274364 -0.003234 0.007965 -0.039097 0.999198 341
1680009424.263696 -64.068375 -24.340115 -8.298920 0.000009 0.009464 -0.028338 0.999554 342
1680009425.464735 -63.574627 -24.353296 -8.321671 -0.002014 0.006483 -0.007306 0.999950 343
1680009426.564901 -63.547024 -24.350496 -8.327218 -0.000144 0.004846 -0.007750 0.999958 344
1680009427.665026 -63.241665 -24.376137 -8.338215 0.003013 0.004651 -0.010893 0.999925 345
1680009428.964292 -62.020824 -24.415768 -8.356335 -0.000270 0.009233 -0.022601 0.999702 346
1680009429.964909 -61.563969 -24.442312 -8.376478 -0.000166 0.009286 -0.012485 0.999879 347
1680009431.063802 -61.538643 -24.425339 -8.385124 -0.000247 0.009888 -0.011563 0.999884 348
1680009432.064400 -61.535812 -24.424149 -8.385674 0.000015 0.010168 -0.011143 0.999886 349
1680009433.164638 -60.819073 -24.434006 -8.399563 0.001432 0.011036 -0.013077 0.999853 350
1680009434.264781 -59.807392 -24.488297 -8.426980 -0.000676 0.011584 -0.011724 0.999864 351
1680009435.364009 -59.489349 -24.475790 -8.445738 -0.000068 0.006807 -0.011644 0.999909 352
1680009436.563691 -59.469677 -24.480341 -8.449133 0.001903 0.005575 -0.009307 0.999939 353
1680009437.662536 -59.056305 -24.521694 -8.451050 0.001044 0.004242 -0.012730 0.999909 354
1680009438.663172 -58.074055 -24.544641 -8.482184 -0.000293 0.009405 -0.011653 0.999888 355
1680009439.763360 -57.449211 -24.555624 -8.492049 0.000235 0.006563 -0.012903 0.999895 356
1680009440.764018 -57.416836 -24.529266 -8.504738 0.000333 0.004280 -0.011365 0.999926 357
1680009441.864211 -57.381481 -24.525042 -8.505986 0.000009 0.004990 -0.011365 0.999923 358
1680009442.963019 -56.506992 -24.563198 -8.523471 0.001281 0.004341 -0.014404 0.999886 359
1680009443.965015 -55.610237 -24.582649 -8.531230 0.014245 0.005460 -0.057102 0.998252 360
1680009445.063880 -55.390484 -24.565477 -8.546832 -0.000060 0.001626 -0.076717 0.997052 361
1680009446.064627 -55.370914 -24.560297 -8.549195 -0.000501 0.001732 -0.076279 0.997085 362
1680009447.264202 -55.274158 -24.583910 -8.551222 0.007488 0.000073 -0.092388 0.995695 363
1680009448.364374 -54.314583 -24.864065 -8.561059 0.001530 0.005279 -0.117847 0.993017 364
1680009449.463174 -53.477165 -25.041771 -8.564635 -0.000716 0.005744 -0.149062 0.988811 365
1680009450.563400 -53.409996 -25.033352 -8.579211 -0.000929 -0.008550 -0.146419 0.989185 366
1680009451.564039 -53.384441 -25.040028 -8.580568 0.005978 -0.008719 -0.146709 0.989123 367
1680009452.863283 -52.515354 -25.592525 -8.572250 -0.000138 -0.006036 -0.244952 0.969516 368
1680009453.863970 -51.727459 -26.007830 -8.570475 0.005108 -0.006282 -0.288758 0.957368 369
1680009454.964026 -51.609753 -26.055878 -8.578100 -0.003090 -0.007258 -0.293791 0.955837 370
1680009456.064216 -51.606422 -26.046515 -8.581171 -0.002681 -0.008285 -0.294874 0.955496 371
1680009457.163099 -51.125092 -26.357754 -8.575104 -0.003230 -0.007574 -0.289350 0.957188 372
1680009458.263275 -50.281254 -26.947645 -8.570181 -0.000542 -0.006825 -0.288386 0.957490 373
1680009459.363430 -49.982590 -27.122459 -8.571839 -0.005100 -0.007223 -0.293554 0.955902 374
1680009460.364087 -49.955765 -27.133995 -8.576488 -0.002467 -0.007698 -0.292928 0.956100 375
1680009461.462929 -49.929527 -27.147444 -8.577842 -0.005607 -0.006458 -0.291041 0.956673 376
1680009462.463594 -49.257740 -27.466681 -8.566868 -0.003242 -0.006155 -0.224027 0.974558 377
1680009463.663276 -48.263336 -27.928581 -8.560557 -0.012282 -0.004188 -0.164106 0.986357 378
1680009464.763383 -48.073318 -27.992519 -8.573906 0.001695 -0.008457 -0.152407 0.988280 379
1680009465.863658 -48.067776 -27.994188 -8.576196 -0.001959 -0.008274 -0.152828 0.988216 380
1680009466.963789 -47.933037 -28.043715 -8.580117 -0.000854 -0.010762 -0.153829 0.988038 381
1680009468.163447 -46.874718 -28.421183 -8.575982 -0.000408 -0.004023 -0.159037 0.987264 382
1680009469.164138 -46.223267 -28.610821 -8.572704 0.001120 -0.004097 -0.154197 0.988031 383
1680009470.363796 -46.166592 -28.617294 -8.585958 -0.001378 -0.006134 -0.153520 0.988126 384
1680009471.563503 -45.977604 -28.689991 -8.593561 0.003304 -0.009103 -0.161815 0.986774 385
1680009472.564228 -45.083839 -29.018614 -8.580963 -0.001318 -0.003325 -0.163809 0.986486 386
1680009473.764008 -44.262604 -29.268002 -8.597994 0.000666 0.004553 -0.158239 0.987390 387
1680009474.864005 -44.204117 -29.269190 -8.610787 0.000064 0.001512 -0.156320 0.987705 388
1680009475.964195 -44.201214 -29.265007 -8.611651 0.000549 0.002162 -0.155660 0.987808 389
1680009477.163895 -43.514065 -29.479397 -8.614517 0.002355 0.002835 -0.154244 0.988026 390
1680009478.262735 -42.544277 -29.820726 -8.636500 0.000470 0.007555 -0.160373 0.987027 391
1680009481.163790 -42.147339 -29.930210 -8.658792 -0.002679 0.002442 -0.153602 0.988126 392
1680009482.363528 -41.093567 -30.259636 -8.668349 0.001586 0.004276 -0.147727 0.989018 393
1680009483.463657 -40.424068 -30.469933 -8.690911 -0.003073 0.009176 -0.151632 0.988390 394
1680009484.464286 -40.355614 -30.472862 -8.698766 -0.000065 0.003828 -0.150492 0.988604 395
1680009485.563172 -40.346725 -30.474773 -8.700316 0.000877 0.004477 -0.148475 0.988906 396
1680009486.764169 -39.572514 -30.732931 -8.705908 0.001163 0.002652 -0.145540 0.989348 397
1680009487.963911 -38.525932 -31.042805 -8.734037 0.001955 0.003559 -0.150790 0.988558 398
1680009489.064069 -38.390594 -31.074873 -8.742987 -0.002366 0.003158 -0.150670 0.988576 399
1680009490.363315 -38.384689 -31.062559 -8.746081 0.000072 0.003558 -0.148990 0.988832 400
1680009491.363941 -37.772030 -31.230429 -8.756806 0.000574 0.007195 -0.145349 0.989354 401
1680009492.464099 -36.801674 -31.538103 -8.775676 0.003035 0.008329 -0.145969 0.989249 402
1680009493.763381 -36.483303 -31.631424 -8.786519 -0.004090 0.003984 -0.151744 0.988403 403
1680009494.763950 -36.473309 -31.632212 -8.789049 0.000700 0.002905 -0.151345 0.988477 404
1680009495.962511 -36.087238 -31.819454 -8.788304 0.003616 0.000317 -0.180657 0.983539 405
1680009497.162225 -35.028454 -32.234291 -8.808853 -0.000570 0.005988 -0.192418 0.981295 406
1680009498.162858 -34.630028 -32.412151 -8.827320 0.001493 0.005071 -0.153744 0.988097 407
1680009499.263036 -34.611401 -32.406006 -8.835733 -0.000440 0.004851 -0.153401 0.988152 408
1680009500.363215 -34.444283 -32.477715 -8.846158 0.007050 0.000600 -0.166657 0.985990 409
1680009501.461961 -33.474907 -32.865471 -8.851620 0.000097 0.002747 -0.177801 0.984063 410
1680009502.762641 -32.707424 -33.151836 -8.868367 0.001482 0.005177 -0.113965 0.993470 411
1680009503.763240 -32.692379 -33.130013 -8.878098 0.001009 0.004453 -0.115067 0.993347 412
1680009504.962914 -32.658939 -33.134914 -8.878439 0.000475 0.005795 -0.114286 0.993431 413
1680009506.063071 -31.799141 -33.338737 -8.896541 0.000045 0.004455 -0.112261 0.993669 414
1680009507.461877 -30.767279 -33.584415 -8.913032 0.000101 0.006685 -0.148888 0.988832 415
1680009508.462487 -30.716795 -33.598934 -8.919801 0.002605 0.002646 -0.146810 0.989158 416
1680009509.562661 -30.697254 -33.603848 -8.920926 -0.002970 0.004384 -0.146633 0.989177 417
1680009510.662817 -29.903799 -33.705341 -8.929166 -0.000311 0.006210 -0.053292 0.998560 418
1680009511.761720 -28.998692 -34.016872 -8.941972 0.018879 0.000022 -0.227610 0.973569 419
1680009512.762299 -28.805197 -34.027317 -8.961745 -0.001377 0.002144 -0.142133 0.989844 420
1680009513.862522 -28.792252 -34.073486 -8.964501 0.001476 0.008180 -0.132843 0.991102 421
1680009514.962673 -28.788359 -34.090969 -8.965197 0.000717 0.005775 -0.134400 0.990910 422
1680009516.162336 -28.710865 -34.110397 -8.967429 -0.007251 0.009057 -0.134214 0.990884 423
1680009517.462959 -27.599558 -34.405712 -8.982852 0.000656 0.005167 -0.136405 0.990639 424
1680009518.563075 -26.908602 -34.637451 -9.000209 -0.000759 0.006944 -0.130141 0.991471 425
1680009519.663238 -26.828398 -34.643845 -9.010157 0.000067 0.001643 -0.133714 0.991019 426
1680009520.862950 -26.825438 -34.643970 -9.010999 0.000111 0.001812 -0.133595 0.991034 427
1680009521.963175 -26.391621 -34.707264 -9.013778 0.005091 0.001340 -0.107426 0.994199 428
1680009523.061977 -25.370277 -35.008247 -9.031099 0.002487 0.004689 -0.156804 0.987615 429
1680009524.162189 -24.860653 -35.175922 -9.048193 0.001552 0.006620 -0.130593 0.991413 430
1680009525.162783 -24.837822 -35.197113 -9.057386 0.001370 0.005904 -0.132911 0.991109 431
1680009526.263021 -24.647051 -35.311207 -9.066978 0.024930 -0.003205 -0.221121 0.974922 432
1680009527.460004 -24.169537 -35.571796 -9.069593 -0.003821 0.000034 -0.414196 0.910180 433
1680009528.562850 -24.131800 -35.589931 -9.073445 -0.001942 0.000152 -0.389136 0.921178 434
1680009529.862067 -24.128302 -35.593716 -9.075641 0.002332 -0.001921 -0.370648 0.928768 435
1680009531.061761 -23.747145 -36.202110 -9.074727 0.005390 -0.001564 -0.448874 0.893578 436
1680009532.062463 -23.192432 -36.955143 -9.100540 0.013913 0.000621 -0.487593 0.872960 437
1680009533.161303 -22.995399 -37.256142 -9.116210 -0.001898 0.005839 -0.593702 0.804662 438
1680009534.262741 -22.966888 -37.250656 -9.120996 -0.000163 0.000174 -0.588466 0.808522 439
1680009535.362908 -22.965481 -37.256977 -9.120613 0.001068 0.000468 -0.588577 0.808440 440
1680009536.461818 -22.849262 -37.985844 -9.113721 -0.000105 -0.002208 -0.629145 0.777285 441
1680009537.561979 -22.647394 -38.991787 -9.108284 -0.001648 -0.005356 -0.641698 0.766937 442
1680009538.662102 -22.581045 -39.277737 -9.120097 -0.009897 0.000874 -0.651289 0.758765 443
1680009539.762272 -22.556290 -39.284256 -9.123570 -0.005051 -0.005043 -0.651442 0.758665 444
1680009540.762958 -22.498003 -39.597214 -9.127416 -0.005038 -0.001805 -0.651095 0.758978 445
1680009541.861774 -22.377346 -40.647453 -9.114814 -0.004263 -0.004776 -0.651466 0.758651 446
1680009542.961988 -22.272606 -41.251678 -9.112502 -0.003785 -0.003711 -0.650122 0.759812 447
1680009544.162988 -22.247364 -41.317524 -9.122042 -0.005097 -0.004840 -0.651674 0.758467 448
1680009545.263147 -22.247145 -41.319290 -9.122362 -0.004728 -0.004948 -0.651198 0.758877 449
1680009546.361974 -22.181137 -41.979420 -9.120569 -0.004015 -0.003011 -0.651278 0.758823 450
1680009547.362615 -22.034431 -42.898880 -9.127449 0.000813 0.003501 -0.651327 0.758789 451
1680009548.661855 -21.953135 -43.324142 -9.149768 -0.002594 0.007829 -0.651394 0.758694 452
1680009549.662539 -21.933510 -43.328773 -9.153714 0.002530 0.003868 -0.651676 0.758483 453
1680009550.762719 -21.915590 -43.413864 -9.155988 0.002826 0.005629 -0.651120 0.758949 454
1680009551.862855 -21.763107 -44.444965 -9.167402 0.003669 0.003792 -0.647491 0.762055 455
1680009553.062561 -21.662569 -45.205620 -9.182140 0.002867 0.009913 -0.653096 0.757205 456
1680009554.162735 -21.627007 -45.266739 -9.191386 0.002373 0.004342 -0.653341 0.757048 457
1680009555.163377 -21.623192 -45.271606 -9.192021 0.002880 0.004409 -0.653986 0.756488 458
1680009556.364397 -21.594179 -45.671150 -9.194638 0.003212 0.002190 -0.654947 0.755665 459
1680009557.464571 -21.438099 -46.723297 -9.210481 0.002915 0.005168 -0.656153 0.754604 460
1680009558.664308 -21.358768 -47.254986 -9.228716 0.000588 -0.000312 -0.654090 0.756417 461
1680009559.863973 -21.341208 -47.283260 -9.235655 -0.000366 0.000094 -0.654491 0.756069 462
1680009561.063648 -21.335436 -47.335403 -9.235812 0.002552 -0.003309 -0.655712 0.754999 463
1680009562.263342 -21.296280 -48.337383 -9.240497 0.004938 -0.002002 -0.680793 0.732456 464
1680009563.264028 -21.216570 -49.171955 -9.254993 0.012326 -0.008501 -0.782676 0.622249 465
1680009564.365498 -21.169260 -49.294094 -9.266301 0.000129 -0.000256 -0.792194 0.610270 466
1680009565.464419 -21.157261 -49.297806 -9.268410 -0.000690 -0.000696 -0.791700 0.610909 467
1680009566.563234 -21.347948 -49.727394 -9.266924 -0.000013 -0.003429 -0.811870 0.583828 468
1680009567.563840 -21.671391 -50.652351 -9.280272 0.003295 0.003101 -0.816112 0.577876 469
1680009568.664014 -21.852701 -51.210636 -9.294233 0.005842 0.003107 -0.814456 0.580187 470
1680009569.863739 -21.847937 -51.259403 -9.305740 0.003320 0.003147 -0.814413 0.580268 471
1680009570.864366 -21.936903 -51.545021 -9.320281 0.004174 0.006168 -0.813088 0.582093 472
1680009572.064024 -22.326647 -52.626835 -9.331019 0.006268 0.002902 -0.810907 0.585134 473
1680009573.263779 -22.505966 -53.188419 -9.353435 0.004024 0.006591 -0.813569 0.581417 474
1680009574.264440 -22.517687 -53.236893 -9.360092 0.003964 0.003414 -0.813412 0.581665 475
1680009575.363227 -22.545284 -53.314510 -9.361851 0.003345 0.003745 -0.811040 0.584970 476
1680009576.363869 -22.846218 -54.133949 -9.382981 0.002841 0.006388 -0.810990 0.585018 477
1680009577.464020 -23.116285 -55.015614 -9.400146 0.005456 0.004707 -0.814539 0.580064 478
1680009578.564216 -23.170204 -55.153652 -9.411308 0.002590 0.002682 -0.814023 0.580821 479
1680009579.863459 -23.169958 -55.165859 -9.412971 0.001548 0.005379 -0.813397 0.581683 480
1680009580.864176 -23.334675 -55.760380 -9.427356 0.002711 0.005360 -0.808959 0.587834 481
1680009582.063786 -23.681303 -56.821758 -9.446808 0.008690 0.006564 -0.814994 0.579367 482
1680009583.263517 -23.733322 -56.950211 -9.458885 0.000404 0.002479 -0.815827 0.578291 483
1680009584.264125 -23.754328 -56.977535 -9.459953 0.000339 0.005444 -0.815713 0.578431 484
1680009585.463863 -23.746317 -56.988766 -9.460452 0.004254 0.000275 -0.822071 0.569369 485
1680009586.563992 -24.024729 -57.689137 -9.465215 0.003799 0.002978 -0.814324 0.580391 486
1680009587.763695 -24.355215 -58.725269 -9.493690 0.004682 0.003840 -0.813784 0.581136 487
1680009588.863833 -24.430679 -58.924362 -9.508208 0.000244 0.006586 -0.813868 0.581012 488
1680009590.164454 -24.425859 -58.936131 -9.511010 0.003098 0.002708 -0.814238 0.580517 489
1680009591.263323 -24.633005 -59.559910 -9.524442 0.006703 0.003147 -0.814529 0.580076 490
1680009592.263910 -24.970226 -60.441498 -9.543336 0.006626 0.004510 -0.814096 0.580674 491
1680009593.264561 -25.097572 -60.812382 -9.555109 0.001803 0.005761 -0.812552 0.582858 492
1680009594.363565 -25.103485 -60.864964 -9.563084 0.002033 0.001960 -0.812688 0.582693 493
1680009595.463603 -25.184916 -61.065445 -9.575208 0.001649 0.000819 -0.810365 0.585923 494
1680009596.563794 -25.540073 -62.051033 -9.585314 0.002867 0.002408 -0.807135 0.590355 495
1680009597.663923 -25.736151 -62.757141 -9.595196 0.006257 0.002737 -0.811600 0.584174 496
1680009598.863601 -25.712666 -62.795048 -9.610396 0.003948 0.002852 -0.811835 0.583866 497
1680009599.963787 -25.744913 -62.897728 -9.615537 0.003838 0.002266 -0.812714 0.582645 498
1680009600.964438 -26.070187 -63.754078 -9.630777 0.006656 0.002836 -0.815421 0.578824 499
1680009602.063416 -26.398565 -64.581604 -9.643549 0.008749 0.008314 -0.818520 0.574351 500
1680009603.063952 -26.443888 -64.740852 -9.662741 0.003271 0.004691 -0.816660 0.577091 501
1680009604.263629 -26.450163 -64.755257 -9.664992 0.004888 0.002263 -0.816602 0.577177 502
1680009605.264230 -26.559256 -65.006882 -9.677498 0.002959 0.004224 -0.812742 0.582602 503
1680009606.463919 -26.927305 -66.095726 -9.691788 0.007227 0.006359 -0.805568 0.592425 504
1680009607.663679 -27.089714 -66.667618 -9.709257 0.005186 0.004976 -0.814023 0.580788 505
1680009608.763877 -27.057039 -66.696175 -9.717588 0.005127 0.003952 -0.812760 0.582563 506
1680009609.862679 -27.178104 -66.988441 -9.727213 -0.006741 0.023566 -0.778353 0.627348 507
1680009610.964250 -27.405922 -67.582382 -9.732816 0.004272 0.016864 -0.480380 0.876888 508
1680009612.162566 -27.486767 -67.793427 -9.738206 0.008420 0.005153 -0.420737 0.907129 509
1680009613.264065 -27.485697 -67.830475 -9.737813 0.000786 0.009373 -0.425261 0.905022 510
1680009614.264702 -27.476261 -67.834068 -9.738246 0.000795 0.010060 -0.425091 0.905094 511
1680009615.365097 -27.511827 -67.775406 -9.734042 0.003014 0.006887 -0.111149 0.993775 512
1680009616.463957 -27.560799 -67.694298 -9.734422 -0.003081 0.000214 0.294698 0.955585 513
1680009617.564117 -27.580753 -67.647179 -9.727602 0.001642 -0.005717 0.652364 0.757883 514
1680009618.663034 -27.561527 -67.585915 -9.725915 0.002597 -0.006015 0.696969 0.717071 515
1680009619.764520 -27.565153 -67.560249 -9.726761 0.003174 -0.004234 0.691742 0.722125 516
1680009620.864654 -27.504650 -67.174774 -9.721174 0.006076 -0.001554 0.677206 0.735767 517
1680009622.064363 -27.385885 -66.034828 -9.721702 0.003405 -0.000893 0.662868 0.748728 518
1680009623.164518 -27.335463 -65.511269 -9.736351 -0.000634 -0.002742 0.691592 0.722283 519
1680009624.264668 -27.360123 -65.508820 -9.744266 0.001447 -0.002990 0.690430 0.723392 520
1680009625.464412 -27.304140 -65.197609 -9.747457 0.000823 -0.002603 0.690993 0.722856 521
1680009626.764950 -27.269922 -63.967075 -9.738856 0.005261 -0.000474 0.694475 0.719497 522
1680009627.863764 -27.236103 -63.461712 -9.749130 -0.002967 -0.005040 0.650172 0.759765 523
1680009628.963949 -27.262186 -63.464436 -9.757112 0.001802 -0.003318 0.651043 0.759032 524
1680009629.964591 -27.196850 -63.306641 -9.762939 0.014332 0.006790 0.612309 0.790460 525
1680009631.064733 -26.812370 -62.355927 -9.760996 0.001876 -0.001848 0.575537 0.817772 526
1680009632.163609 -26.521477 -61.579391 -9.765431 -0.003734 0.004144 0.536162 0.844097 527
1680009633.164260 -26.531229 -61.548103 -9.777209 0.001030 -0.001785 0.540066 0.841620 528
1680009634.264380 -26.525639 -61.529297 -9.778203 0.001705 -0.000411 0.539345 0.842083 529
1680009635.464053 -26.072119 -60.709267 -9.785350 -0.000238 -0.001434 0.521770 0.853085 530
1680009636.564253 -25.627741 -59.852257 -9.788743 -0.000576 0.000594 0.522492 0.852644 531
1680009637.864863 -25.581932 -59.727142 -9.798990 0.000523 -0.000967 0.522494 0.852642 532
1680009639.064528 -25.560249 -59.666489 -9.801145 0.001765 -0.001230 0.521406 0.853306 533
1680009640.264250 -25.074797 -58.749138 -9.803242 -0.002007 0.001346 0.519000 0.854771 534
1680009641.364345 -24.692865 -58.032784 -9.811749 -0.004180 -0.001395 0.516139 0.856493 535
1680009642.464560 -24.669188 -57.933979 -9.825375 -0.001670 0.000106 0.519092 0.854717 536
1680009643.664265 -24.668186 -57.929649 -9.826909 -0.001031 0.000835 0.520791 0.853683 537
1680009644.664866 -24.496048 -57.643009 -9.834299 0.000054 0.002834 0.524148 0.851622 538
1680009645.763758 -24.018717 -56.693439 -9.838867 -0.001208 0.002262 0.526909 0.849918 539
1680009646.863925 -23.720951 -56.142815 -9.843440 -0.001697 0.004216 0.522330 0.852731 540
1680009647.964079 -23.745193 -56.113888 -9.855013 -0.000245 -0.000093 0.523040 0.852308 541
1680009649.064240 -23.747396 -56.106125 -9.855640 -0.000742 0.000607 0.522736 0.852494 542
1680009650.263915 -23.387606 -55.311432 -9.852672 -0.005800 -0.008495 0.552132 0.833693 543
1680009651.465001 -23.055689 -54.364521 -9.853931 0.004143 0.000727 0.652147 0.758081 544
1680009652.563859 -23.079268 -54.312683 -9.867961 0.003715 -0.004124 0.640440 0.767988 545
1680009653.663975 -23.070372 -54.226166 -9.868646 -0.000759 -0.006267 0.630152 0.776446 546
1680009654.764174 -22.873434 -53.253529 -9.862290 0.001981 -0.002422 0.643856 0.765140 547
1680009655.963858 -22.728491 -52.337898 -9.864439 -0.001092 0.001551 0.677201 0.735796 548
1680009657.064071 -22.719961 -52.251640 -9.881066 0.000303 -0.007737 0.670784 0.741612 549
1680009658.064672 -22.726284 -52.248322 -9.882274 0.003700 -0.004671 0.670899 0.741524 550
1680009659.163522 -22.690605 -51.724098 -9.878233 0.003641 -0.004704 0.675756 0.737102 551
1680009660.164167 -22.587029 -50.759182 -9.876974 0.002762 -0.002983 0.679158 0.733981 552
1680009661.264334 -22.540806 -50.315666 -9.892073 -0.000218 -0.003944 0.674481 0.738282 553
1680009662.364473 -22.550438 -50.264843 -9.899178 0.000807 -0.002120 0.673626 0.739069 554
1680009663.464690 -22.536621 -50.153835 -9.903765 0.003047 0.000688 0.670883 0.741557 555
1680009664.563486 -22.423351 -49.147934 -9.900479 -0.000004 -0.001545 0.670082 0.742286 556
1680009665.564154 -22.345047 -48.352482 -9.915842 -0.002386 0.003406 0.672904 0.739718 557
1680009666.664320 -22.335979 -48.239643 -9.926625 -0.002677 -0.002895 0.671194 0.741272 558
1680009667.764469 -22.346149 -48.236996 -9.928366 -0.000991 -0.001024 0.670724 0.741706 559
1680009668.863362 -22.301569 -47.962425 -9.936895 0.001692 -0.000152 0.669180 0.743098 560
1680009669.963446 -22.175489 -46.906994 -9.945884 -0.002176 0.003350 0.669323 0.742961 561
1680009670.964120 -22.119326 -46.249546 -9.946033 -0.003229 0.005360 0.672294 0.740258 562
1680009672.064299 -22.130686 -46.204758 -9.960278 -0.002286 0.002159 0.671318 0.741162 563
1680009673.264019 -22.120649 -46.050964 -9.971731 0.000020 0.001779 0.669995 0.742364 564
1680009674.264628 -21.997099 -45.123398 -9.969864 -0.004145 0.002770 0.668520 0.743678 565
1680009675.362409 -21.905836 -44.267044 -9.979356 -0.004920 0.000109 0.661142 0.750245 566
1680009676.563490 -21.919960 -44.163280 -9.996307 -0.004486 0.003581 0.663544 0.748116 567
1680009677.763176 -21.917088 -44.126526 -9.997472 -0.005144 0.004910 0.664002 0.747697 568
1680009678.863355 -21.797249 -43.278282 -10.011031 -0.004129 0.002266 0.665682 0.746220 569
1680009679.963536 -21.713490 -42.326313 -10.028345 -0.005284 0.004172 0.664762 0.747025 570
1680009681.163352 -21.703835 -42.150658 -10.040065 -0.005819 0.001239 0.662117 0.749377 571
1680009682.163858 -21.710659 -42.146656 -10.041815 -0.003127 0.003260 0.661665 0.749786 572
1680009683.262635 -21.659685 -41.649727 -10.046541 -0.001869 0.003628 0.661091 0.750295 573
1680009684.263333 -21.508881 -40.680367 -10.063436 -0.002867 0.005080 0.660238 0.751034 574
1680009685.562593 -21.452036 -40.121269 -10.088075 -0.003738 0.003954 0.662869 0.748715 575
1680009686.763683 -21.446001 -40.105789 -10.092138 -0.001748 0.005004 0.664478 0.747289 576
1680009687.862461 -21.336266 -39.411949 -10.105020 -0.006692 0.005978 0.661997 0.749453 577
1680009688.962693 -21.244595 -38.406521 -10.141398 -0.011951 0.010180 0.657542 0.753254 578
1680009689.963329 -21.207542 -38.113117 -10.154697 0.001245 0.006304 0.660633 0.750681 579
1680009691.162986 -21.185543 -38.076061 -10.159401 -0.000669 0.002362 0.660708 0.750639 580
1680009692.263505 -21.172737 -37.969200 -10.164718 -0.003424 -0.001536 0.662249 0.749274 581
1680009693.363271 -21.080206 -36.967152 -10.170848 -0.003192 0.002683 0.666941 0.745099 582
1680009694.463465 -20.979202 -36.099060 -10.208015 -0.011540 0.013217 0.659357 0.751625 583
1680009695.663116 -20.958553 -36.007915 -10.220074 -0.006166 0.005573 0.662548 0.748974 584
1680009696.763318 -20.952818 -36.004562 -10.220756 -0.005736 0.006060 0.663998 0.747688 585
1680009697.963021 -20.830009 -35.232738 -10.220512 -0.001335 0.001589 0.661015 0.750370 586
1680009699.162688 -20.718628 -34.189762 -10.226366 -0.000724 -0.001646 0.662543 0.749022 587
1680009700.262911 -20.697309 -34.014637 -10.237468 0.001390 -0.003962 0.662852 0.748739 588
1680009701.462560 -20.700487 -34.006016 -10.239750 0.000181 -0.005231 0.662449 0.749089 589
1680009702.565395 -20.671936 -33.729504 -10.238787 0.010531 0.003106 0.705130 0.708993 590
1680009703.662997 -20.444666 -33.087578 -10.213165 0.035593 -0.034203 0.606990 0.793175 591
1680009704.663508 -20.400612 -32.881165 -10.166787 0.080989 -0.095908 0.645162 0.753663 592
1680009705.762431 -20.416880 -32.850864 -10.169350 0.084956 -0.092583 0.646023 0.752904 593
1680009706.763070 -20.394936 -32.834095 -10.170337 0.081456 -0.096165 0.645460 0.753325 594
1680009707.763683 -20.398739 -32.818638 -10.168097 0.081354 -0.103139 0.646111 0.751854 595
1680009708.963345 -20.386574 -32.260086 -9.919717 0.150648 -0.162747 0.679527 0.699329 596
1680009710.161780 -20.229530 -31.793079 -9.779016 0.002878 -0.003477 0.642544 0.766235 597
1680009711.162420 -20.187555 -31.737291 -9.802383 0.008112 -0.014898 0.645308 0.763734 598
1680009712.163046 -20.199379 -31.733734 -9.804651 0.011360 -0.015055 0.644667 0.764231 599
1680009713.263213 -20.204010 -31.727579 -9.805614 0.011534 -0.014482 0.644300 0.764549 600
1680009714.461584 -20.059046 -31.067549 -9.777153 0.003761 -0.018395 0.587780 0.808803 601
1680009715.563115 -19.812513 -30.065054 -9.752190 0.003445 -0.018526 0.614355 0.788805 602
1680009716.663254 -19.726774 -29.770277 -9.755933 0.011788 -0.016356 0.636871 0.770707 603
1680009717.763454 -19.733063 -29.766001 -9.759512 0.011850 -0.016689 0.637396 0.770265 604
1680009718.963139 -19.658722 -29.328402 -9.739556 0.013059 -0.015128 0.632889 0.773984 605
1680009720.162809 -19.392881 -28.219006 -9.716857 0.010311 -0.012752 0.635821 0.771662 606
1680009721.262995 -19.337381 -27.837334 -9.711878 0.008070 -0.016610 0.639876 0.768257 607
1680009722.462718 -19.336069 -27.796309 -9.716607 0.010564 -0.013852 0.640308 0.767921 608
1680009723.562877 -19.332020 -27.752039 -9.717638 0.007292 -0.016927 0.642558 0.766015 609
1680009724.762518 -19.242151 -26.757454 -9.690478 0.009392 -0.011254 0.677579 0.735304 610
1680009725.763219 -19.163471 -25.884817 -9.664243 0.005196 -0.021929 0.717205 0.696497 611
1680009726.862052 -19.181313 -25.701639 -9.668914 0.014920 -0.012180 0.724512 0.688993 612
1680009727.862766 -19.181351 -25.692240 -9.671140 0.014609 -0.012635 0.724556 0.688945 613
1680009729.062421 -19.273554 -25.403515 -9.670255 0.003281 -0.023305 0.777072 0.628972 614
1680009730.063080 -19.536041 -24.507692 -9.645661 0.009830 -0.010031 0.804259 0.594113 615
1680009731.163190 -19.759205 -23.814020 -9.629322 0.010978 -0.010707 0.822389 0.568719 616
1680009732.263370 -19.798027 -23.748693 -9.640004 0.013708 -0.009892 0.821350 0.570174 617
1680009733.463049 -19.798279 -23.746868 -9.640928 0.013899 -0.009561 0.821692 0.569682 618
1680009734.763641 -19.981697 -23.007139 -9.613951 0.021285 0.000082 0.790756 0.611762 619
1680009735.865081 -20.234274 -22.090214 -9.600327 0.023601 0.007257 0.738167 0.674166 620
1680009736.965237 -20.342636 -21.866116 -9.606774 0.007788 -0.014968 0.660260 0.750848 621
1680009738.264465 -20.358158 -21.841808 -9.612420 0.013414 -0.015771 0.662532 0.748747 622
1680009739.364663 -20.356903 -21.833525 -9.613584 0.016819 -0.012023 0.675594 0.736984 623
1680009740.763413 -20.133951 -21.191626 -9.582228 0.002145 -0.013778 0.369926 0.928956 624
1680009741.765323 -20.113537 -21.106726 -9.592517 0.003040 -0.008768 0.420038 0.907459 625
1680009742.963696 -20.103760 -21.086023 -9.595064 0.002339 -0.007317 0.421663 0.906720 626
1680009744.163386 -19.866232 -20.907642 -9.591970 0.030977 0.002235 0.298636 0.953862 627
1680009745.464012 -19.590528 -20.677309 -9.596869 -0.001044 0.000764 0.132351 0.991202 628
1680009746.564280 -19.561569 -20.665962 -9.597085 -0.002184 -0.000599 0.141471 0.989940 629
1680009747.664358 -19.549198 -20.664684 -9.599155 0.001918 0.000290 0.164614 0.986356 630
1680009748.763225 -18.793322 -20.661179 -9.592999 0.006472 0.000212 0.012436 0.999902 631
1680009749.765166 -17.855719 -20.686352 -9.614235 0.005607 0.004645 -0.028568 0.999565 632
1680009750.863982 -17.572929 -20.703098 -9.630060 -0.006211 0.002581 -0.045576 0.998938 633
1680009751.864629 -17.575773 -20.686512 -9.634825 -0.000303 0.001935 -0.044001 0.999030 634
1680009753.064343 -17.028786 -20.718437 -9.640434 0.000018 0.001365 -0.039977 0.999200 635
1680009754.164514 -15.986304 -20.844370 -9.657060 0.000813 0.003716 -0.038257 0.999261 636
1680009755.465034 -15.576727 -20.858820 -9.670721 -0.001893 0.001729 -0.045701 0.998952 637
1680009756.563873 -15.558081 -20.850090 -9.674564 -0.000669 0.001717 -0.045192 0.998977 638
1680009757.763637 -15.339372 -20.878206 -9.686642 0.000929 -0.000173 -0.040661 0.999173 639
1680009758.863796 -14.295011 -20.983700 -9.693238 0.000894 0.001901 -0.036452 0.999333 640
1680009759.864433 -13.581144 -21.024611 -9.699474 0.000978 0.004062 -0.045946 0.998935 641
1680009760.964557 -13.544554 -20.997477 -9.710388 0.000165 0.000085 -0.045399 0.998969 642
1680009762.064755 -13.544949 -20.988356 -9.711807 -0.001847 0.000251 -0.045169 0.998978 643
1680009763.163577 -12.892442 -21.049438 -9.713815 0.001351 0.000783 -0.048282 0.998833 644
1680009764.263795 -11.870896 -21.187492 -9.728441 0.000057 0.006039 -0.046316 0.998909 645
1680009765.363937 -11.518352 -21.194527 -9.742211 -0.003244 0.002664 -0.046107 0.998928 646
1680009766.364541 -11.488728 -21.194073 -9.745215 -0.000390 0.001883 -0.045494 0.998963 647
1680009767.464754 -11.305615 -21.219084 -9.755577 0.002076 0.000330 -0.044590 0.999003 648
1680009768.563605 -10.271440 -21.340483 -9.757921 -0.000757 0.002238 -0.042308 0.999102 649
1680009769.663827 -9.506815 -21.382967 -9.766262 0.000134 0.001034 -0.046546 0.998916 650
1680009770.664417 -9.459840 -21.374784 -9.780162 -0.001282 -0.000217 -0.047073 0.998891 651
1680009771.764598 -9.431133 -21.369675 -9.782083 -0.002527 0.000528 -0.046454 0.998917 652
1680009772.863439 -8.589457 -21.399998 -9.785688 -0.014074 0.001140 0.057433 0.998250 653
1680009773.864091 -7.878800 -21.392950 -9.799022 -0.006866 0.002975 0.277346 0.960741 654
1680009774.962890 -7.837807 -21.363667 -9.806750 -0.005449 0.004649 0.251301 0.967882 655
1680009776.064408 -7.840655 -21.347012 -9.806676 -0.001637 0.006079 0.250902 0.967992 656
1680009777.264118 -7.594244 -21.120207 -9.813600 -0.030914 -0.003786 0.382828 0.923295 657
1680009778.365638 -7.388865 -20.868139 -9.817184 -0.005116 0.009333 0.534899 0.844849 658
1680009779.464474 -7.306548 -20.862463 -9.821797 -0.002748 0.005016 0.513688 0.857958 659
1680009780.465132 -7.296378 -20.837252 -9.823238 -0.006508 0.005077 0.513874 0.857826 660
1680009781.764397 -7.035236 -20.178902 -9.836666 -0.009546 0.006012 0.567301 0.823433 661
1680009782.863218 -6.682334 -19.214119 -9.865870 -0.028188 -0.008429 0.645979 0.762788 662
1680009784.062874 -6.649062 -18.928202 -9.881654 -0.006167 0.002428 0.733003 0.680193 663
1680009785.164449 -6.656246 -18.917088 -9.883438 -0.005254 0.004040 0.728393 0.685127 664
1680009786.264603 -6.667719 -18.824221 -9.887064 -0.006316 0.001914 0.732173 0.681087 665
1680009787.364746 -6.793201 -17.837639 -9.883879 -0.000979 -0.001350 0.758111 0.652124 666
1680009788.564481 -6.943575 -16.987469 -9.882045 0.000542 -0.005681 0.780949 0.624569 667
1680009789.764127 -6.984704 -16.902309 -9.895473 0.004659 -0.004977 0.779828 0.625957 668
1680009790.864365 -6.983656 -16.900002 -9.896683 0.004786 -0.004910 0.780461 0.625167 669
1680009791.864970 -7.181736 -16.437454 -9.894584 -0.006601 -0.021767 0.851691 0.523551 670
1680009792.867000 -7.380745 -15.984402 -9.891438 0.008725 0.006714 0.935825 0.352293 671
1680009793.964426 -7.423629 -15.938701 -9.896543 0.002806 -0.005019 0.918074 0.396367 672
1680009795.064608 -7.463349 -15.915384 -9.898802 -0.001879 -0.013447 0.917835 0.396731 673
1680009796.066238 -7.933211 -15.644650 -9.890298 -0.002582 -0.001459 0.995787 0.091653 674
1680009797.165097 -7.997336 -15.610833 -9.905111 -0.004292 0.001430 0.990095 0.140327 675
1680009798.265298 -8.013224 -15.608452 -9.906731 -0.003071 -0.001029 0.989788 0.142511 676
1680009799.365417 -8.069660 -15.601460 -9.908110 -0.006429 -0.012111 0.988327 0.151731 677
1680009800.465635 -8.977386 -15.477700 -9.919161 -0.002713 -0.001217 0.997452 0.071275 678
1680009801.564444 -9.898972 -15.350220 -9.924357 -0.003973 -0.019134 0.997469 -0.068362 679
1680009802.764170 -10.032347 -15.349061 -9.941165 -0.002866 -0.000384 0.998378 -0.056866 680
1680009803.766119 -10.033485 -15.348823 -9.942067 -0.002733 -0.000107 0.998404 -0.056412 681
1680009804.864949 -10.412219 -15.492429 -9.945656 0.002284 -0.029113 0.968291 -0.248111 682
1680009806.063312 -10.623394 -15.560143 -9.955554 -0.005502 -0.002581 0.951096 -0.308836 683
1680009807.065356 -10.631949 -15.564629 -9.955505 -0.006602 -0.001524 0.950766 -0.309837 684
1680009808.265041 -10.697401 -15.626614 -9.959696 -0.004535 -0.007858 0.955560 -0.294658 685
1680009809.365204 -11.513523 -16.227041 -9.971177 -0.006938 0.003424 0.951034 -0.308989 686
1680009810.465347 -12.204937 -16.760147 -9.991091 -0.009616 0.007578 0.986866 -0.161078 687
1680009810.465347 -12.204937 -16.760147 -9.991091 -0.009616 0.007578 0.986866 -0.161078 688
1680009811.467360 -12.266227 -16.829006 -10.007947 -0.003605 -0.001535 0.983139 -0.182818 689
1680009812.665743 -12.266955 -16.836885 -10.009987 -0.002894 -0.001319 0.983075 -0.183174 690
1680009813.765893 -12.475780 -16.830654 -10.014547 -0.001953 0.021014 0.997031 -0.074058 691
1680009814.866014 -13.474601 -16.763729 -10.021338 -0.002629 0.002063 0.999857 0.016597 692
1680009816.165304 -14.313829 -16.724751 -10.030642 -0.002235 -0.003785 0.997361 0.072468 693
1680009817.165900 -14.338426 -16.741592 -10.041570 -0.000614 -0.000433 0.997668 0.068246 694
1680009818.365656 -14.348742 -16.740591 -10.042146 -0.001304 -0.000775 0.997634 0.068734 695
1680009819.565337 -15.219960 -16.640451 -10.049302 -0.000114 -0.000075 0.998050 0.062426 696
1680009820.665494 -16.159559 -16.505232 -10.051141 -0.000288 -0.000659 0.997806 0.066205 697
1680009821.865196 -16.328955 -16.497662 -10.068060 -0.000503 0.004652 0.997796 0.066197 698
1680009822.865865 -16.331076 -16.491899 -10.070045 -0.000343 -0.000975 0.997813 0.066092 699
1680009823.964718 -16.800453 -16.391624 -10.069204 0.002677 0.000616 0.997549 0.069924 700
1680009824.965326 -17.773092 -16.265564 -10.063885 0.002106 -0.001398 0.997604 0.069138 701
1680009825.965921 -18.286913 -16.197714 -10.069437 0.003534 0.000428 0.997814 0.065985 702
1680009827.165660 -18.330545 -16.209976 -10.081226 0.008538 -0.001481 0.997825 0.065342 703
1680009828.265815 -18.731766 -16.170143 -10.074121 0.008235 -0.001364 0.997669 0.067724 704
1680009829.665913 -20.050587 -15.961096 -10.091390 -0.005689 0.007328 0.995879 0.090215 705
1680009830.766076 -20.351097 -15.940177 -10.100230 0.003762 0.000873 0.993469 0.114037 706
1680009831.864975 -20.357971 -15.928578 -10.103728 0.004730 -0.001630 0.993651 0.112394 707
1680009832.865556 -20.658840 -15.785707 -10.102817 0.006616 0.009626 0.986631 0.162550 708
1680009833.965776 -21.641506 -15.414956 -10.108107 0.000005 0.000856 0.982608 0.185692 709
1680009835.064594 -22.238314 -15.165600 -10.121762 -0.005671 -0.001796 0.966682 0.255912 710
1680009836.065240 -22.264614 -15.176062 -10.133797 -0.002461 -0.000548 0.967684 0.252153 711
1680009837.065858 -22.278074 -15.172097 -10.134568 -0.003046 -0.000202 0.967597 0.252483 712
1680009838.164693 -22.931385 -14.762611 -10.137347 -0.000724 0.000995 0.964427 0.264348 713
1680009839.165320 -23.746021 -14.336608 -10.149984 -0.002082 0.001893 0.963088 0.269173 714
1680009840.365024 -23.981190 -14.182817 -10.163854 0.000267 0.000672 0.961792 0.273779 715
1680009841.465251 -24.001301 -14.168447 -10.165286 -0.000409 0.000495 0.961769 0.273862 716
1680009842.565375 -24.157965 -14.080254 -10.179429 0.000192 -0.000606 0.960935 0.276775 717
1680009843.566029 -24.938259 -13.571273 -10.168872 -0.001576 0.000290 0.960333 0.278852 718
1680009844.765748 -25.622631 -13.118995 -10.186259 0.000247 -0.002093 0.961472 0.274895 719
1680009845.865874 -25.715527 -13.090414 -10.195188 0.001685 -0.002010 0.961616 0.274387 720
1680009847.065589 -25.721437 -13.090957 -10.196707 0.001758 -0.000970 0.961606 0.274428 721
1680009848.265297 -26.249847 -12.711519 -10.201803 -0.001822 -0.001660 0.960114 0.279600 722
1680009849.564565 -27.265102 -12.129557 -10.206217 -0.001306 -0.003216 0.960939 0.276739 723
1680009850.665993 -27.457047 -12.008418 -10.220293 0.000195 0.000794 0.961543 0.274655 724
1680009851.865745 -27.471277 -12.004650 -10.222348 -0.001160 -0.002437 0.961324 0.275407 725
1680009852.965939 -28.028236 -11.638745 -10.225067 -0.002315 -0.004021 0.970402 0.241450 726
1680009854.164295 -28.994938 -11.109639 -10.235777 -0.006842 -0.027159 0.991317 0.128473 727
1680009855.165713 -29.213428 -11.034506 -10.250916 -0.002415 -0.002946 0.998697 0.050890 728
1680009856.166374 -29.223951 -11.031800 -10.252840 -0.002197 0.000115 0.998307 0.058127 729
1680009857.266526 -29.230289 -11.031069 -10.252634 -0.002654 0.000064 0.998316 0.057957 730
1680009858.466349 -29.503262 -10.947790 -10.255637 -0.002069 0.001826 0.999261 0.038335 731
1680009859.466846 -29.549225 -10.945734 -10.254609 -0.000791 -0.002329 0.999210 0.039668 732
1680009860.565706 -29.550673 -10.946203 -10.255475 -0.001306 -0.002589 0.999206 0.039724 733
1680009861.665886 -29.550148 -10.945923 -10.255367 -0.001405 -0.002632 0.999214 0.039526 734
1680009862.666538 -29.549467 -10.945783 -10.255181 -0.001375 -0.002724 0.999221 0.039352 735
1680009863.766630 -29.548964 -10.945731 -10.254918 -0.001399 -0.002713 0.999227 0.039200 736
1680009864.866840 -29.548960 -10.945629 -10.254877 -0.001442 -0.002677 0.999230 0.039123 737
1680009865.965683 -29.549282 -10.944978 -10.254713 -0.001478 -0.002636 0.999237 0.038942 738
1680009867.065897 -29.549627 -10.943515 -10.254688 -0.001516 -0.002636 0.999238 0.038906 739
